trapscap1
parameters 26
# exponents ... coefficient
	  0   0   0   0   1   0    5.56417e-02 
	  0   1   0   1   0   0    -2.48655e-02 
	  0   0   0   0   0   0    1.96865e-01 
	  0   1   0   0   0   0    1.78803e-01 
	  0   0   1   0   0   0    -7.52501e-02 
	  1   1   0   0   0   0    -1.29669e-01 
	  0   0   0   0   0   2    1.19669e-02 
	  1   0   1   0   0   0    -1.58259e-01 
	  0   0   0   1   0   0    1.05795e-02 
	  2   0   0   0   0   0    1.92824e-02 
	  0   0   1   0   0   1    2.45904e-03 
	  0   1   0   1   0   1    2.22747e-02 
	  1   0   0   1   1   0    4.87223e-02 
	  0   0   0   0   0   1    2.69509e-02 
	  0   0   0   1   0   1    5.32895e-02 
	  0   0   1   1   0   0    3.13567e-02 
	  0   0   0   0   1   1    -2.97267e-02 
	  0   1   2   0   1   0    -7.26797e-02 
	  2   0   1   0   0   0    9.41882e-02 
	  0   1   1   0   2   0    1.71559e-01 
	  0   0   2   0   0   0    -8.39315e-02 
	  0   2   0   0   0   0    -6.50716e-02 
	  2   2   0   0   0   0    2.34480e-01 
	  1   0   0   0   0   0    1.13548e-02 
	  0   1   0   2   0   0    -2.28783e-02 
	  1   0   0   2   0   0    -1.22536e-02 
trapscap2
parameters 25
# exponents ... coefficient
	  0   0   0   0   1   0    1.00200e-01 
	  0   1   0   0   1   0    1.91977e-02 
	  0   0   0   1   0   0    2.20625e-02 
	  1   0   0   0   0   0    2.58745e-02 
	  0   0   1   0   0   0    -7.32276e-02 
	  0   0   0   0   0   0    1.69961e-01 
	  0   0   0   0   0   2    3.76973e-02 
	  0   1   0   0   0   0    2.05055e-01 
	  0   0   1   0   0   1    2.24311e-02 
	  1   1   0   0   0   0    -1.42075e-01 
	  1   0   1   0   0   0    -1.48043e-01 
	  2   1   0   0   0   0    -1.08320e-01 
	  0   1   0   1   1   0    -6.39640e-02 
	  0   0   0   0   0   1    4.47303e-02 
	  0   0   0   1   0   1    1.09037e-01 
	  1   0   0   1   0   0    5.30383e-02 
	  0   0   1   1   0   0    3.95189e-02 
	  0   1   2   0   0   0    2.66709e-01 
	  3   0   1   0   0   0    1.69307e-01 
	  0   0   0   2   0   0    1.76598e-02 
	  0   0   0   0   1   1    -4.57597e-02 
	  0   0   1   0   3   0    -7.78701e-02 
	  0   0   0   1   1   1    -7.89503e-02 
	  1   0   0   2   1   0    -4.65134e-02 
	  2   0   0   0   0   0    2.05834e-02 
trapscap3
parameters 23
# exponents ... coefficient
	  0   0   0   0   1   0    1.40386e-01 
	  0   1   0   0   1   0    5.63256e-02 
	  0   0   0   1   0   0    2.56737e-02 
	  1   0   0   0   0   0    4.56264e-02 
	  0   0   1   0   1   0    -1.27956e-01 
	  0   0   0   0   0   2    7.03114e-02 
	  0   0   0   0   0   0    1.30886e-01 
	  0   0   1   0   0   1    2.83964e-03 
	  0   1   0   0   0   0    1.92846e-01 
	  1   1   0   0   1   0    -2.49218e-01 
	  0   0   0   0   0   1    8.70640e-02 
	  1   0   1   0   0   0    -5.90852e-02 
	  0   1   0   1   2   0    -1.85030e-01 
	  4   0   0   0   0   0    7.90213e-02 
	  0   0   1   0   0   0    -1.13473e-02 
	  0   0   0   1   0   1    1.30977e-01 
	  1   0   0   1   1   0    6.32467e-02 
	  0   0   1   1   0   0    9.34515e-02 
	  0   0   2   0   0   0    -8.76220e-02 
	  2   2   0   0   0   0    3.53776e-01 
	  0   0   0   0   1   1    -1.00997e-01 
	  1   0   0   0   0   1    6.25311e-02 
	  1   0   0   2   1   0    -7.49579e-02 
trapscap4
parameters 23
# exponents ... coefficient
	  0   0   0   0   1   0    1.54095e-01 
	  0   1   0   0   1   0    6.48449e-02 
	  0   0   0   1   0   0    2.66045e-02 
	  1   0   0   0   0   0    4.73226e-02 
	  0   0   1   0   1   0    -1.33272e-01 
	  0   0   0   0   0   1    5.32000e-02 
	  0   0   0   0   0   2    2.74101e-01 
	  0   0   0   0   0   0    1.14213e-01 
	  1   0   1   0   0   0    -5.94016e-02 
	  0   1   0   0   0   0    1.96413e-01 
	  1   1   0   0   1   0    -2.97564e-01 
	  0   1   0   1   2   0    -2.38989e-01 
	  0   0   1   0   0   1    -6.54534e-04 
	  4   0   0   0   0   0    7.78564e-02 
	  0   0   0   1   0   1    1.54272e-01 
	  1   0   0   1   0   0    4.12720e-02 
	  0   0   1   1   0   0    1.01353e-01 
	  0   0   2   0   0   0    -8.54601e-02 
	  0   0   0   0   1   2    -3.99579e-01 
	  1   0   0   0   0   1    1.49743e-01 
	  2   1   0   0   0   0    -1.41818e-01 
	  1   0   0   0   2   1    -2.95345e-01 
	  1   0   0   2   1   0    -7.44960e-02 
trapscap5
parameters 22
# exponents ... coefficient
	  0   0   0   0   1   0    1.35106e-01 
	  0   1   0   0   1   0    3.88021e-02 
	  0   0   0   1   1   0    8.85397e-02 
	  1   0   0   0   1   0    1.25925e-01 
	  1   0   1   0   1   0    -4.08632e-01 
	  0   0   0   0   0   1    4.69193e-02 
	  0   0   0   0   0   2    1.31820e-01 
	  0   0   0   0   0   0    1.10113e-01 
	  0   1   0   0   0   0    2.13158e-01 
	  0   0   1   0   0   0    -3.21747e-02 
	  2   2   0   0   0   0    9.28121e-01 
	  0   0   1   0   0   1    6.67535e-02 
	  0   0   0   2   0   2    9.12546e-02 
	  1   2   0   1   0   0    1.00502e+00 
	  0   2   0   2   0   0    3.26630e-01 
	  1   1   0   0   0   0    -7.25556e-02 
	  2   0   1   0   1   0    6.09990e-01 
	  1   0   1   1   0   0    2.63183e-01 
	  0   0   0   1   0   1    9.24534e-02 
	  1   0   0   0   0   1    5.46093e-02 
	  0   1   1   0   2   0    2.80688e-01 
	  0   0   2   0   0   0    -5.22396e-02 
trapscap6
parameters 15
# exponents ... coefficient
	  0   0   0   0   1   0    1.54652e-01 
	  0   1   0   0   1   0    6.21976e-02 
	  0   0   1   1   1   0    1.32733e-01 
	  0   0   0   1   0   3    2.59746e-01 
	  1   0   0   0   0   0    3.06872e-02 
	  0   0   0   0   0   1    6.19922e-02 
	  0   0   0   1   0   1    2.28697e-01 
	  1   0   0   1   1   0    3.18035e-01 
	  1   0   1   0   0   0    -1.96368e-01 
	  2   1   0   0   1   0    -4.50021e-01 
	  0   0   0   0   0   0    1.16215e-01 
	  0   1   0   0   0   0    2.32885e-01 
	  1   1   0   0   0   1    -2.92648e-01 
	  2   0   0   0   1   0    1.41616e-01 
	  0   0   0   2   2   0    9.79926e-02 
trapscap7
parameters 23
# exponents ... coefficient
	  0   2   0   0   0   0    -6.48610e-02 
	  0   0   0   0   1   0    -9.85907e-02 
	  0   0   0   1   0   3    8.23957e-01 
	  0   0   1   1   2   0    -2.00362e-01 
	  0   0   0   0   0   0    1.70228e-01 
	  0   1   0   0   0   0    2.47718e-01 
	  0   0   1   0   0   1    7.35332e-02 
	  1   0   0   0   3   0    -1.88029e-01 
	  1   0   0   1   2   0    -1.20664e+00 
	  0   0   0   2   0   0    1.57764e-01 
	  0   0   0   0   1   2    4.57446e-01 
	  2   0   0   0   2   0    -4.43938e-01 
	  1   0   1   0   1   0    -9.73164e-02 
	  0   0   1   0   0   0    6.76164e-02 
	  1   0   0   1   1   0    1.15025e+00 
	  1   0   0   0   2   1    6.70400e-01 
	  0   0   0   2   1   1    -3.88281e-01 
	  1   0   1   0   0   0    -2.57936e-01 
	  0   0   0   0   2   0    2.56879e-01 
	  2   0   0   0   1   0    6.78476e-01 
	  1   0   0   0   0   0    -2.32244e-02 
	  0   0   0   0   3   1    -2.21290e-01 
	  2   0   0   2   0   0    -1.41968e-01 
trapscap8
parameters 28
# exponents ... coefficient
	  0   0   0   0   1   0    4.73054e-02 
	  0   1   0   0   1   0    1.33858e+00 
	  0   0   1   0   0   0    1.29604e-01 
	  1   0   1   0   0   0    -2.95288e-01 
	  0   0   0   0   0   2    1.80641e-01 
	  0   0   0   3   0   1    1.58213e-01 
	  0   0   0   0   0   0    1.36783e-01 
	  0   1   0   0   2   0    -2.31377e+00 
	  1   0   0   2   0   1    1.35739e-01 
	  1   2   0   0   0   0    -3.59143e-01 
	  2   1   0   0   1   0    -4.50891e-01 
	  1   0   0   1   2   0    -5.04544e-01 
	  0   0   0   1   0   0    -5.59161e-02 
	  0   0   0   2   2   0    -7.60745e-01 
	  1   0   0   1   1   0    4.35908e-01 
	  0   0   0   2   1   0    6.11333e-01 
	  2   0   0   0   0   0    1.92734e-01 
	  1   0   0   0   0   0    -5.72631e-02 
	  1   0   0   0   0   1    1.82173e-01 
	  0   0   0   1   0   1    2.26105e-01 
	  0   1   0   0   0   1    9.67587e-02 
	  0   1   0   0   3   0    1.35522e+00 
	  1   0   0   1   0   0    2.38268e-01 
	  0   0   2   0   2   0    -1.79854e-01 
	  0   3   0   1   0   0    2.19961e-01 
	  0   0   0   0   2   0    1.25461e-01 
	  1   1   0   0   1   0    1.80885e-01 
	  1   1   0   0   0   1    -2.03074e-01 
trapscap9
parameters 19
# exponents ... coefficient
	  0   0   0   0   1   0    1.47596e-01 
	  0   1   0   0   1   0    4.85663e-01 
	  0   0   1   0   0   0    1.80270e-01 
	  1   1   0   0   0   0    6.91081e-01 
	  0   1   0   1   0   0    5.30207e-01 
	  0   0   0   1   0   1    2.56450e-01 
	  0   0   1   1   2   0    6.23458e-01 
	  1   0   0   0   1   1    5.32429e-01 
	  0   0   0   0   0   0    1.10027e-01 
	  0   1   0   0   3   0    -4.01068e-01 
	  1   1   0   1   0   0    -1.16219e+00 
	  2   1   0   0   1   0    -1.53518e+00 
	  0   1   0   2   0   0    -4.94818e-01 
	  0   1   0   0   0   1    1.72493e-01 
	  0   0   0   0   2   2    7.99983e-01 
	  0   0   2   0   0   0    -1.39398e-01 
	  0   2   0   1   1   0    7.78733e-01 
	  2   0   1   0   0   0    -2.30399e-01 
	  0   0   0   0   0   1    -3.42790e-02 
trapscap10
parameters 24
# exponents ... coefficient
	  1   1   0   0   0   0    4.56145e-01 
	  0   0   0   0   1   0    8.46180e-02 
	  0   0   1   0   0   0    2.05653e-01 
	  0   1   0   1   0   0    1.31226e-01 
	  0   1   0   0   1   0    4.03712e-01 
	  0   0   0   1   0   1    2.63232e-01 
	  0   0   0   0   0   0    1.50330e-01 
	  0   0   1   1   1   0    2.32895e-01 
	  0   1   0   0   3   0    -2.40096e-01 
	  1   0   0   0   0   1    2.54500e-01 
	  0   1   0   0   0   1    1.82166e-01 
	  0   0   0   0   1   2    4.36123e-01 
	  0   0   0   1   0   0    -9.75173e-02 
	  1   0   0   1   0   0    3.17529e-01 
	  2   1   0   0   0   0    -7.02590e-02 
	  0   0   0   2   0   0    1.26324e-01 
	  0   0   2   0   0   0    -1.17295e-01 
	  1   1   0   0   0   1    -1.35257e-01 
	  0   0   0   0   3   0    1.21028e-01 
	  1   0   0   0   0   0    -9.87210e-02 
	  2   0   0   0   0   0    1.94749e-01 
	  0   0   0   0   0   1    -4.50298e-02 
	  2   0   1   0   0   0    -2.02118e-01 
	  0   0   1   0   2   1    4.01852e-01 
trapscap11
parameters 23
# exponents ... coefficient
	  1   1   0   0   0   0    4.44539e-01 
	  0   0   0   0   1   0    8.54211e-02 
	  0   0   1   0   0   0    2.21355e-01 
	  0   1   0   1   0   0    1.36240e-01 
	  0   0   0   1   0   1    2.21903e-01 
	  0   0   0   0   0   0    1.79125e-01 
	  0   1   0   0   0   0    5.83290e-02 
	  0   0   1   1   1   0    7.66568e-01 
	  0   0   0   0   3   0    7.18326e-02 
	  1   0   0   0   0   1    1.40938e-01 
	  0   0   0   0   0   1    -5.23195e-02 
	  0   0   0   0   1   2    3.73391e-01 
	  0   0   0   1   0   0    -9.91597e-02 
	  1   0   0   0   0   0    -1.06023e-01 
	  2   0   0   0   2   0    4.45362e-01 
	  1   0   0   1   2   0    7.60702e-01 
	  0   0   0   2   2   0    3.32718e-01 
	  0   0   2   0   0   0    -1.26300e-01 
	  0   1   0   0   1   0    1.78383e-01 
	  0   1   0   0   0   1    1.30414e-01 
	  0   0   1   0   2   1    3.78366e-01 
	  0   0   1   1   2   0    -8.40962e-01 
	  1   0   0   0   1   1    1.85450e-01 
trapclav1
parameters 26
# exponents ... coefficient
	  0   0   0    2.17278e-01 
	  0   0   1    -1.22595e-01 
	  0   1   0    1.07976e-01 
	  1   1   0    -1.24497e-01 
	  0   0   2    -7.18216e-02 
	  2   2   0    -4.19621e-02 
	  1   0   1    -1.09509e-01 
	  2   0   1    6.37232e-02 
	  0   2   0    -5.58466e-02 
	  1   3   0    -1.08814e-01 
	  0   2   1    2.24198e-02 
	  2   1   0    -6.44909e-02 
	  2   1   1    -1.44408e-01 
	  0   1   1    7.29724e-02 
	  3   0   1    8.99883e-03 
	  1   2   1    1.48623e-01 
	  1   0   2    -1.02579e-01 
	  2   0   2    9.86683e-02 
	  1   0   0    3.29632e-04 
	  1   1   2    -2.08271e-01 
	  0   4   0    4.59183e-02 
	  4   0   0    6.75971e-03 
	  3   0   0    -3.19341e-03 
	  0   1   2    2.67150e-02 
	  1   2   0    4.70869e-02 
	  2   0   0    -1.31774e-03 
trapclav2
parameters 27
# exponents ... coefficient
	  0   0   0    2.09688e-01 
	  0   1   0    1.33055e-01 
	  0   0   1    -8.39104e-02 
	  1   1   0    -9.10296e-02 
	  1   0   1    -1.24395e-01 
	  2   1   0    -7.42050e-02 
	  0   1   2    1.31109e-02 
	  2   1   1    -2.93960e-01 
	  0   3   0    4.73510e-02 
	  1   3   0    -1.94363e-01 
	  0   1   1    5.02457e-02 
	  0   0   2    -6.18481e-02 
	  3   0   1    2.48835e-02 
	  1   1   2    1.26102e-02 
	  0   4   0    6.43859e-02 
	  1   1   1    1.32256e-01 
	  1   0   2    -6.65303e-02 
	  2   2   0    3.15990e-02 
	  4   0   0    6.21235e-03 
	  3   1   0    1.27896e-02 
	  0   2   1    -5.25100e-02 
	  0   0   4    -6.31036e-02 
	  0   2   0    -7.00432e-02 
	  1   2   1    1.45172e-01 
	  2   0   0    -2.01961e-03 
	  2   0   2    3.18031e-02 
	  2   0   1    1.16956e-02 
levscap1
parameters 35
# exponents ... coefficient
	  1   0   0   0   1   0    1.37223e-01 
	  0   0   0   0   1   1    -1.18768e-01 
	  0   0   1   0   0   0    -1.24371e-01 
	  0   0   0   0   0   0    1.52266e-01 
	  0   0   0   1   0   0    1.09805e-01 
	  1   1   0   0   0   0    -1.19410e-01 
	  1   0   0   0   2   1    2.20244e-01 
	  0   0   0   0   1   0    -1.08155e-03 
	  2   0   0   0   2   0    -1.89543e-01 
	  0   1   2   1   0   0    7.77739e-01 
	  0   0   0   1   2   1    -9.27450e-02 
	  3   0   0   1   0   0    -1.85561e-02 
	  0   2   1   0   0   0    7.57861e-01 
	  0   1   0   0   2   1    1.18756e-01 
	  0   0   1   0   2   0    -1.25929e-01 
	  0   0   0   0   0   1    2.26992e-01 
	  1   0   0   0   0   0    1.28101e-01 
	  1   0   0   2   1   0    -2.06052e-01 
	  0   0   0   0   2   0    1.52447e-01 
	  0   4   0   0   0   0    1.87057e-01 
	  1   0   0   0   1   1    -3.89648e-01 
	  2   0   0   1   1   0    -1.73062e-01 
	  0   1   0   0   1   0    3.10808e-02 
	  0   0   1   1   1   0    2.52146e-02 
	  0   1   0   2   0   0    6.27278e-02 
	  1   1   0   1   0   0    6.40138e-02 
	  0   3   1   0   0   0    1.00438e+00 
	  0   0   2   0   0   1    -2.58227e-01 
	  0   1   1   1   0   1    1.07580e+00 
	  0   1   0   1   0   2    4.49759e-01 
	  0   1   1   0   1   1    2.47611e-01 
	  1   0   1   1   0   0    -9.24824e-02 
	  1   0   0   0   3   0    -1.02434e-01 
	  1   0   0   1   2   0    -8.95472e-02 
	  0   0   0   0   1   2    5.22099e-02 
levscap2
parameters 34
# exponents ... coefficient
	  1   0   0   0   1   0    1.12234e-01 
	  0   0   0   0   1   1    -1.55666e-01 
	  0   0   1   0   0   0    -1.42125e-01 
	  0   0   0   1   0   0    1.02236e-01 
	  0   0   0   0   0   0    1.20579e-01 
	  2   1   0   0   0   1    2.91270e-01 
	  0   0   0   0   1   0    6.88197e-03 
	  1   2   0   0   0   0    -1.33618e-02 
	  0   1   0   0   2   0    -2.71832e-01 
	  1   0   0   0   2   1    -3.22401e-02 
	  1   0   0   0   0   0    1.21609e-01 
	  0   0   0   0   0   1    2.19886e-01 
	  0   1   1   0   0   0    -1.48517e-01 
	  0   1   0   0   3   0    1.46763e-01 
	  0   0   2   1   0   0    -1.91872e-01 
	  1   0   0   0   0   1    -7.45339e-02 
	  0   4   0   0   0   0    -2.11578e-01 
	  1   1   0   0   0   0    -1.36095e-01 
	  0   0   0   4   0   0    -2.46679e-02 
	  0   0   1   0   3   0    -1.29023e-01 
	  2   0   0   0   2   0    -7.13519e-02 
	  0   1   1   1   0   1    6.86839e-01 
	  1   0   0   1   0   2    -2.96834e-01 
	  0   1   0   1   0   1    9.38303e-02 
	  0   0   0   0   2   0    1.67468e-01 
	  1   0   0   0   3   0    -1.49765e-01 
	  0   0   0   0   0   2    5.28992e-02 
	  1   0   0   1   2   0    -1.00757e-01 
	  0   1   2   0   0   1    7.71445e-01 
	  0   1   0   0   1   0    2.05191e-01 
	  0   3   0   0   0   0    -2.22552e-01 
	  2   1   1   0   0   0    -2.01894e-01 
	  0   0   1   2   0   1    2.53498e-01 
	  0   0   0   2   2   0    -4.58059e-02 
pectmin1
parameters 28
# exponents ... coefficient
	  0   0   1   0   0   0    2.07534e-01 
	  0   0   0   0   0   0    8.80674e-02 
	  1   0   0   0   0   0    4.82327e-03 
	  0   1   0   0   1   0    3.10639e-03 
	  0   0   0   1   1   0    -1.51186e-02 
	  1   1   0   0   0   0    1.86758e-01 
	  0   0   0   0   0   2    1.16679e-01 
	  0   0   0   1   1   1    -2.23073e-01 
	  0   1   0   2   1   0    -1.12963e-01 
	  0   0   0   0   1   1    -9.39753e-02 
	  0   0   1   0   1   0    -1.60634e-01 
	  1   0   1   0   2   0    -4.42890e-01 
	  3   1   0   0   0   0    1.14855e-01 
	  0   0   1   1   1   0    3.24694e-01 
	  0   0   0   2   2   0    1.27339e-01 
	  0   1   0   0   0   0    -6.77025e-02 
	  0   0   0   0   4   0    9.40254e-02 
	  1   0   1   0   1   0    4.99039e-01 
	  1   0   1   0   0   1    1.33223e-01 
	  1   0   0   1   1   1    1.17330e-01 
	  0   1   1   0   0   0    7.09707e-02 
	  1   0   0   0   2   0    -8.74796e-02 
	  0   0   0   0   0   1    3.04449e-02 
	  1   1   0   0   0   2    -2.85542e-01 
	  1   1   0   0   1   0    -1.26780e-01 
	  1   0   2   0   0   0    -1.17946e-01 
	  3   0   0   0   0   1    7.78900e-02 
	  0   0   1   1   2   0    -3.72372e-01 
pectmin2
parameters 16
# exponents ... coefficient
	  0   0   1   0   0   0    2.72916e-01 
	  0   0   0   0   0   0    1.11127e-01 
	  1   0   0   0   0   0    -1.25942e-02 
	  0   1   0   0   1   0    -1.37937e-01 
	  1   1   0   0   0   0    1.63321e-01 
	  0   0   0   0   1   1    -6.81252e-02 
	  0   0   1   0   1   0    -2.60054e-01 
	  0   1   0   0   0   2    -4.38744e-01 
	  0   1   0   1   2   0    6.62100e-03 
	  0   0   1   1   1   0    1.83384e-01 
	  0   1   0   2   1   0    -2.76687e-01 
	  0   1   0   1   1   1    5.11373e-01 
	  1   0   1   0   1   0    2.91308e-01 
	  3   1   0   0   0   0    2.06547e-01 
	  1   0   1   0   0   1    2.31160e-01 
	  0   1   0   0   0   3    3.44503e-01 
pectmin3
parameters 22
# exponents ... coefficient
	  0   0   1   0   0   0    2.31665e-01 
	  0   2   0   0   1   0    1.32219e-01 
	  1   1   0   0   0   0    2.59270e-01 
	  0   0   0   0   0   0    8.04069e-02 
	  0   0   0   0   0   1    -3.03539e-02 
	  0   0   1   0   3   0    -3.09370e-01 
	  0   1   0   2   1   0    -5.09943e-01 
	  0   0   1   1   0   0    1.29424e-01 
	  1   0   1   0   0   0    2.27368e-01 
	  2   0   0   0   0   0    -2.67940e-02 
	  0   2   0   1   1   0    -3.01215e-01 
	  0   1   0   0   0   0    -6.28268e-02 
	  1   1   0   1   0   0    -1.44613e-01 
	  0   1   0   0   2   0    -1.22074e-01 
	  0   1   0   0   0   2    -6.49878e-01 
	  0   1   0   0   1   2    6.07269e-01 
	  1   0   1   0   0   1    3.32934e-01 
	  0   2   0   1   0   1    -6.26667e-01 
	  0   0   0   1   1   0    2.23305e-02 
	  0   0   0   1   1   2    -2.15449e-01 
	  0   1   0   0   2   1    2.59097e-01 
	  0   1   1   0   1   0    3.07297e-01 
pectmin4
parameters 19
# exponents ... coefficient
	  0   0   1   0   0   0    2.29833e-01 
	  0   0   0   0   0   0    9.87946e-02 
	  1   0   0   0   0   0    1.21351e-02 
	  0   2   0   0   0   0    1.13764e-01 
	  1   1   0   0   0   0    2.94085e-01 
	  0   0   1   0   3   0    -3.76504e-01 
	  0   1   0   2   1   0    -1.54294e-01 
	  1   0   0   1   0   0    8.03629e-02 
	  0   0   0   1   1   2    -4.54236e-01 
	  1   0   1   0   0   0    1.94613e-01 
	  0   0   1   1   0   0    1.04162e-01 
	  0   1   0   1   2   0    3.60472e-01 
	  0   0   0   2   0   0    5.26306e-02 
	  0   1   0   0   1   0    -8.47903e-02 
	  0   0   0   0   3   1    -1.48137e-01 
	  0   1   0   0   0   2    -2.24816e-01 
	  1   0   1   0   1   1    7.39143e-01 
	  0   0   0   1   2   0    7.12904e-02 
	  0   0   0   2   1   1    1.49535e-01 
rhomboid1
parameters 28
# exponents ... coefficient
	  1   0   0   0   1   0    2.99139e-01 
	  0   0   0   0   1   1    -1.86362e-01 
	  0   0   0   1   0   0    8.44802e-02 
	  0   0   1   0   0   0    -6.08778e-02 
	  0   0   0   0   0   0    1.28456e-01 
	  0   1   0   0   0   0    1.70580e-01 
	  0   0   0   0   1   0    -3.50361e-02 
	  1   1   0   0   0   0    -1.56697e-01 
	  1   0   0   0   2   1    -1.50466e-01 
	  1   0   1   0   1   0    -1.92680e-01 
	  0   0   0   0   0   1    2.37525e-01 
	  1   0   0   0   0   0    6.80294e-02 
	  0   0   0   0   0   2    1.74015e-01 
	  0   3   0   0   0   0    -4.68335e-01 
	  0   0   0   0   2   0    2.45209e-01 
	  0   0   1   0   0   1    8.82514e-02 
	  2   1   1   0   0   0    -7.87446e-01 
	  0   1   1   2   0   0    -9.13902e-02 
	  1   0   0   0   2   0    -3.48932e-01 
	  0   3   0   0   1   0    7.68730e-01 
	  0   1   0   1   0   0    -8.68621e-02 
	  1   3   0   0   0   0    -3.54597e-01 
	  0   0   0   1   2   0    -4.49759e-02 
	  0   1   1   0   2   0    2.36754e-01 
	  0   0   0   0   0   3    -1.25134e-01 
	  0   0   2   0   1   0    -6.61849e-02 
	  0   0   1   2   0   0    -1.37180e-01 
	  3   0   0   0   0   0    2.71720e-02 
rhomboid2
parameters 31
# exponents ... coefficient
	  1   0   0   0   1   0    -7.50322e-02 
	  0   0   0   0   1   1    -1.54062e-01 
	  0   1   0   0   0   0    4.73388e-02 
	  0   0   0   0   0   0    1.54879e-01 
	  0   0   0   1   0   0    1.90703e-01 
	  0   0   1   0   1   0    -7.38388e-02 
	  1   0   0   0   2   1    3.04113e-01 
	  1   0   1   0   0   0    -8.28302e-02 
	  1   2   0   0   0   0    1.40238e-01 
	  0   0   0   1   1   0    -2.53499e-01 
	  2   0   0   0   2   0    -1.13978e-01 
	  0   0   0   0   2   2    1.31008e-01 
	  0   0   0   0   1   0    3.46291e-03 
	  1   0   0   0   0   0    2.22426e-01 
	  0   0   0   0   0   1    3.22833e-01 
	  0   0   0   0   2   0    2.01617e-01 
	  0   1   0   0   1   0    1.98335e-01 
	  1   0   0   0   1   1    -4.41316e-01 
	  0   0   2   0   1   0    -1.53070e-01 
	  0   2   1   0   0   1    -1.16229e+00 
	  0   1   0   2   0   0    1.19136e-01 
	  0   4   0   0   0   0    3.13171e-01 
	  3   1   0   0   0   0    -9.29762e-02 
	  2   0   2   0   0   0    2.86304e-01 
	  0   1   0   0   0   3    4.58066e-01 
	  0   1   0   1   2   0    -3.95703e-01 
	  0   3   0   0   0   1    4.08501e-01 
	  0   0   1   0   1   1    6.66183e-02 
	  1   1   0   0   1   0    -1.67714e-01 
	  1   1   0   1   1   0    2.66351e-01 
	  0   0   1   1   1   0    5.29725e-02 
rhomboid3
parameters 29
# exponents ... coefficient
	  1   0   0   0   1   0    -3.78917e-02 
	  0   0   0   0   1   1    -6.78812e-02 
	  0   0   0   1   0   0    2.21022e-01 
	  0   1   0   0   0   0    1.72487e-01 
	  0   0   0   0   0   0    1.58093e-01 
	  0   0   1   0   1   0    4.54320e-02 
	  1   0   0   0   2   1    -6.24451e-01 
	  0   1   0   0   2   1    -1.33182e+00 
	  1   0   1   0   1   0    -3.27684e-01 
	  0   2   0   0   1   0    1.00619e+00 
	  2   0   0   0   2   0    -1.30168e-01 
	  0   0   0   0   2   2    -1.18560e-01 
	  0   0   0   1   1   0    -2.86900e-01 
	  1   0   0   0   0   0    2.31332e-01 
	  0   0   0   0   3   0    2.18453e-01 
	  0   0   0   0   0   1    3.18404e-01 
	  1   3   0   0   0   0    -4.86488e-01 
	  0   2   0   0   2   0    -1.47285e+00 
	  0   2   1   0   0   0    -2.98709e-01 
	  2   1   1   0   0   0    -4.03346e-01 
	  0   1   0   0   1   1    7.58674e-01 
	  0   0   1   0   0   0    -4.33396e-02 
	  0   1   0   2   1   0    9.35193e-02 
	  0   1   0   1   2   0    -2.21753e-01 
	  2   1   0   0   0   0    -1.73716e-01 
	  0   2   1   1   0   0    -3.59126e-01 
	  1   0   0   1   0   1    1.58466e-01 
	  0   2   0   0   1   1    -5.60704e-01 
	  1   1   0   2   0   0    1.98384e-01 
rhomboid4
parameters 26
# exponents ... coefficient
	  1   0   0   0   1   0    -4.38084e-02 
	  0   0   0   0   1   1    -2.64171e-02 
	  0   1   0   0   0   0    2.19924e-01 
	  0   0   0   1   0   0    2.47894e-01 
	  0   0   0   0   0   0    1.57953e-01 
	  1   0   1   0   0   0    -1.91354e-01 
	  1   0   0   0   2   1    -5.69209e-01 
	  0   1   0   0   2   1    -3.58689e-01 
	  2   0   0   0   2   0    -1.48004e-01 
	  0   2   0   0   1   0    1.03416e+00 
	  0   2   1   0   1   0    -8.93860e-01 
	  0   0   0   0   2   2    -1.60589e-02 
	  0   0   0   1   1   0    -3.51746e-01 
	  1   0   0   0   0   0    2.39340e-01 
	  0   0   0   0   3   0    2.24920e-01 
	  0   0   0   0   0   1    2.95493e-01 
	  1   3   0   0   0   0    -4.74031e-01 
	  0   2   0   0   2   0    -1.40714e+00 
	  0   1   0   1   2   0    -3.12373e-01 
	  2   1   0   0   0   0    -2.84061e-01 
	  0   0   1   0   0   0    1.43489e-02 
	  1   1   0   1   1   0    -4.21586e-01 
	  0   2   0   0   1   1    -1.11811e+00 
	  1   1   1   0   0   0    -2.61396e-01 
	  0   0   1   0   1   2    2.73637e-01 
	  1   0   0   2   0   1    -2.38880e-01 
rhomboid5
parameters 17
# exponents ... coefficient
	  1   0   0   0   1   0    5.80690e-01 
	  0   0   0   0   1   1    8.12142e-01 
	  0   1   0   0   0   0    2.42453e-01 
	  0   0   0   1   0   0    2.09830e-01 
	  0   0   0   0   0   0    1.63713e-01 
	  1   0   1   0   0   0    -1.72362e-01 
	  1   0   0   0   2   1    -1.45408e+00 
	  0   1   0   0   2   1    5.12395e-01 
	  0   0   1   0   0   0    6.74672e-02 
	  0   1   1   0   0   0    2.11577e-01 
	  0   2   0   0   0   0    2.24994e-01 
	  2   0   0   0   2   0    -4.83835e-01 
	  0   0   0   0   2   2    -6.15740e-01 
	  0   0   0   1   1   0    -2.52886e-01 
	  3   1   0   0   0   0    -4.69425e-01 
	  0   3   0   0   0   1    9.62483e-01 
	  0   1   0   1   2   0    -4.53176e-01 
serrant1
parameters 18
# exponents ... coefficient
	  0   0   0   1   0   0    -3.25458e-01 
	  1   0   0   0   0   0    -4.23378e-01 
	  0   1   0   0   1   0    -1.01895e+00 
	  0   0   1   0   2   0    1.00989e+00 
	  0   1   1   0   2   0    3.48410e+00 
	  0   0   0   0   0   0    1.22243e-01 
	  0   0   0   1   0   1    8.13514e-02 
	  0   3   0   0   0   0    -4.34066e-01 
	  0   0   0   0   4   0    3.13284e-01 
	  0   1   0   0   2   0    1.57842e+00 
	  0   0   0   0   0   1    -4.35416e-01 
	  0   0   0   0   1   1    4.87444e-01 
	  1   0   0   0   3   0    2.53497e-01 
	  0   0   2   0   2   0    1.93005e+00 
	  0   0   1   0   2   1    3.10115e+00 
	  0   0   0   0   0   2    4.71726e-01 
	  1   0   0   0   0   1    2.39300e-01 
	  1   0   1   0   2   0    9.44311e-01 
serrant2
parameters 20
# exponents ... coefficient
	  0   0   0   1   0   0    -3.26408e-01 
	  1   0   0   0   0   0    -3.44868e-01 
	  0   1   0   0   1   0    -1.13042e+00 
	  0   0   1   0   3   0    1.86761e+00 
	  0   0   0   0   0   0    1.11854e-01 
	  0   0   0   1   0   1    1.64584e-01 
	  0   1   1   0   2   0    1.44471e+00 
	  0   2   0   0   0   0    2.76764e-01 
	  0   0   0   0   4   0    3.33737e-01 
	  0   1   0   0   2   0    1.70162e+00 
	  0   0   2   0   0   0    4.79609e-01 
	  0   0   1   0   0   2    2.63579e+00 
	  0   1   0   0   0   1    9.38934e-01 
	  0   1   0   0   2   1    -1.77786e+00 
	  0   0   2   0   1   1    4.46558e+00 
	  0   1   0   0   0   3    -3.09540e+00 
	  0   1   1   0   0   0    4.29560e-01 
	  3   1   0   0   0   0    7.11930e-01 
	  1   0   0   0   2   1    5.02597e-01 
	  2   0   0   0   2   0    2.72363e-01 
serrant3
parameters 22
# exponents ... coefficient
	  0   0   0   1   0   0    -3.06683e-01 
	  0   1   0   0   1   0    -8.97804e-01 
	  1   0   0   0   0   0    -3.29284e-01 
	  0   0   1   0   3   0    1.48225e+00 
	  0   0   0   0   0   0    1.17992e-01 
	  0   0   0   1   0   1    1.41510e-01 
	  0   1   1   0   2   0    2.03432e-01 
	  0   0   2   0   0   0    4.35935e-01 
	  0   2   0   0   0   0    3.46924e-01 
	  0   0   0   0   3   0    2.70498e-01 
	  0   2   0   0   0   1    -6.21272e-01 
	  1   0   0   0   2   1    1.04551e+00 
	  0   1   0   0   2   0    1.39397e+00 
	  0   0   0   2   0   0    -3.75557e-02 
	  0   0   0   0   0   1    -1.29472e-01 
	  0   0   0   0   2   2    1.03461e+00 
	  0   0   1   0   2   1    9.34398e-01 
	  0   1   1   0   1   0    1.66928e+00 
	  0   1   1   0   0   2    -6.64866e+00 
	  0   0   2   0   0   1    1.39166e+00 
	  0   1   0   0   0   3    -1.64929e+00 
	  1   0   1   0   1   0    2.87584e-01 
serrant4
parameters 6
# exponents ... coefficient
	  0   0   0   1   0   0    -2.66231e-01 
	  0   1   0   0   1   0    -4.26884e-01 
	  1   0   0   0   0   0    -2.45489e-01 
	  0   0   0   0   0   0    1.31713e-01 
	  0   0   0   1   0   1    2.22812e-01 
	  0   0   2   0   2   0    1.40788e+00 
serrant5
parameters 20
# exponents ... coefficient
	  0   1   0   0   1   0    -8.57287e-01 
	  0   0   0   1   0   0    -2.15840e-01 
	  1   0   0   0   0   0    -1.78482e-01 
	  0   0   0   0   0   0    1.16108e-01 
	  0   0   0   1   0   1    1.84327e-01 
	  0   1   1   0   0   0    6.33264e-01 
	  0   0   2   0   2   0    1.78336e+00 
	  0   2   0   0   0   0    3.07896e-01 
	  0   0   0   0   3   0    2.14712e-01 
	  0   1   0   0   2   0    1.24803e+00 
	  0   3   0   0   0   1    4.55977e-01 
	  1   0   0   0   2   1    5.96252e-01 
	  0   0   1   0   3   0    4.91256e-01 
	  0   0   0   2   0   0    -8.79186e-02 
	  0   1   1   2   0   0    -2.19903e+00 
	  0   1   1   0   0   2    -3.96829e+00 
	  0   0   0   0   2   2    5.51531e-01 
	  0   1   0   0   0   1    2.11237e-01 
	  0   1   1   1   0   1    2.83320e+00 
	  1   0   2   0   1   0    -9.65977e-01 
serrant6
parameters 27
# exponents ... coefficient
	  0   1   0   0   1   0    -2.49916e-01 
	  0   0   0   1   0   0    -6.68773e-02 
	  1   0   0   0   0   0    -8.61075e-02 
	  0   0   0   0   0   0    1.33276e-01 
	  0   0   1   0   0   0    -2.08948e-01 
	  0   0   0   0   0   2    1.10781e-01 
	  0   0   2   0   2   0    1.79311e+00 
	  0   2   0   1   0   0    1.16992e-01 
	  0   0   1   1   0   0    -3.79355e-01 
	  0   0   1   0   1   2    1.19119e+00 
	  1   0   0   0   3   0    4.68887e-01 
	  1   1   0   0   2   0    2.01042e+00 
	  0   2   0   0   0   0    2.66594e-01 
	  1   0   1   0   0   0    -1.75694e-01 
	  0   0   1   0   2   0    5.13683e-01 
	  0   0   0   0   3   1    5.28686e-01 
	  0   1   0   0   2   1    1.35612e+00 
	  0   1   1   0   2   0    1.08081e+00 
	  0   0   1   0   2   1    7.72824e-01 
	  0   1   0   2   1   0    3.25635e-01 
	  1   1   0   0   1   0    -6.61128e-01 
	  2   2   0   0   0   0    3.48337e-01 
	  1   0   2   0   1   0    -8.83064e-01 
	  0   0   0   0   1   3    3.81518e-01 
	  0   0   1   1   0   1    4.54648e-01 
	  0   1   0   1   0   0    2.00363e-01 
	  0   2   0   1   0   1    -5.09782e-01 
serrant7
parameters 30
# exponents ... coefficient
	  0   1   0   0   1   0    2.50593e-01 
	  0   0   0   1   1   0    -4.15811e-02 
	  0   0   0   0   0   0    5.37097e-02 
	  0   0   1   0   0   0    -1.42408e-01 
	  0   0   0   0   0   1    7.27776e-02 
	  0   1   1   1   0   0    1.75894e-01 
	  0   0   0   0   0   2    1.29999e-01 
	  0   0   0   0   1   0    1.18245e-01 
	  0   1   0   0   0   0    -2.11817e-01 
	  0   1   0   0   0   1    1.24745e-01 
	  1   1   1   0   0   0    5.03479e-01 
	  2   2   0   0   0   0    4.58219e-01 
	  0   0   2   0   1   0    4.64111e-01 
	  0   1   0   2   1   0    -3.17704e-02 
	  0   2   0   0   1   0    3.84165e-01 
	  0   0   1   1   0   1    5.23699e-01 
	  0   0   1   0   3   0    3.14618e-01 
	  2   1   0   1   0   0    8.13029e-02 
	  0   0   1   1   0   0    -2.95142e-01 
	  0   1   0   1   0   0    9.44166e-02 
	  1   0   1   1   1   0    3.21545e-01 
	  1   0   0   0   0   0    -2.72783e-03 
	  1   1   0   0   2   0    6.21271e-01 
	  1   0   1   0   0   0    -1.04655e-01 
	  1   0   0   0   2   0    9.59309e-02 
	  0   1   0   0   1   2    6.03739e-01 
	  1   1   0   0   1   1    1.61817e-01 
	  1   1   0   0   0   0    -8.86199e-02 
	  0   1   0   2   0   0    2.02854e-01 
	  0   0   0   0   4   0    3.49250e-02 
serrant8
parameters 23
# exponents ... coefficient
	  0   1   0   0   1   0    -5.22994e-01 
	  1   0   0   0   1   0    1.26722e-01 
	  0   0   1   0   0   0    -7.75623e-02 
	  0   0   0   0   0   2    1.92855e-01 
	  0   0   1   1   0   0    -2.60207e-01 
	  0   0   0   0   0   0    5.58995e-02 
	  0   0   0   0   1   1    1.93616e-01 
	  0   1   0   0   1   1    5.39330e-01 
	  0   1   0   2   1   0    1.66620e-01 
	  1   0   1   0   0   0    -2.07726e-01 
	  0   0   2   0   1   0    3.15071e-01 
	  1   1   0   0   2   0    4.21539e-01 
	  2   0   0   0   2   0    7.04816e-02 
	  0   3   0   1   0   0    4.10786e-01 
	  0   3   0   0   0   1    -8.56419e-01 
	  1   0   0   1   0   0    3.35905e-02 
	  2   2   0   0   0   0    4.60062e-01 
	  0   0   0   0   2   0    1.16949e-01 
	  0   1   0   0   2   0    5.57272e-01 
	  0   1   0   0   1   2    9.73458e-01 
	  0   0   1   0   0   1    -1.70894e-01 
	  0   2   0   0   0   0    1.13608e-01 
	  0   0   1   0   1   2    6.89888e-01 
serrant9
parameters 8
# exponents ... coefficient
	  0   1   0   0   1   0    -3.65677e-01 
	  1   0   0   0   2   0    1.92165e-01 
	  0   0   0   0   1   2    6.78159e-01 
	  0   0   1   0   2   0    -2.82177e-01 
	  0   0   0   0   0   0    6.15709e-02 
	  0   0   1   1   0   0    -1.97887e-01 
	  1   0   0   1   0   0    5.34321e-02 
	  0   1   0   0   1   2    1.42982e+00 
serrant10
parameters 19
# exponents ... coefficient
	  0   1   0   0   1   0    -1.01195e-01 
	  1   0   0   0   1   0    6.87399e-02 
	  0   0   0   0   1   2    6.59145e-03 
	  0   0   1   0   0   1    -5.46054e-01 
	  0   0   0   1   1   0    5.29853e-02 
	  0   0   0   0   1   0    1.40422e-01 
	  0   0   0   0   0   1    1.63754e-02 
	  0   2   0   0   0   0    3.59924e-01 
	  1   0   1   0   2   0    -4.88439e-01 
	  0   1   1   1   0   0    7.26547e-01 
	  0   1   0   0   1   2    1.13570e+00 
	  0   2   0   2   0   0    -3.30644e-01 
	  0   2   0   0   2   0    -5.65760e-01 
	  2   1   0   0   1   0    -4.91885e-01 
	  0   0   2   0   2   0    5.15593e-01 
	  1   1   1   0   0   0    5.12567e-01 
	  0   0   1   0   1   1    4.35846e-01 
	  1   0   0   0   0   1    9.73876e-02 
	  0   0   0   0   0   2    2.73151e-01 
serrant11
parameters 14
# exponents ... coefficient
	  0   1   0   0   1   0    -4.01001e-01 
	  0   0   1   0   0   1    -2.80463e-01 
	  1   0   0   0   2   0    1.59122e-01 
	  0   0   0   0   2   1    2.75861e-02 
	  0   0   0   1   2   0    1.16747e-01 
	  0   0   0   0   1   0    1.30196e-01 
	  0   1   0   0   2   0    4.81410e-01 
	  1   0   1   0   1   0    -4.79679e-01 
	  0   0   1   1   0   0    -1.90672e-01 
	  0   0   0   0   0   2    1.46309e-01 
	  0   1   0   1   1   1    6.00432e-01 
	  0   0   2   0   1   0    3.69761e-01 
	  2   2   0   0   0   0    4.24866e-01 
	  0   2   0   0   0   0    1.57448e-01 
deltscap1
parameters 16
# exponents ... coefficient
	  0   0   0    1.70987e-01 
	  0   0   1    1.09106e-01 
	  0   0   2    -8.64944e-02 
	  1   0   0    5.63865e-02 
	  1   1   0    -1.22956e-01 
	  0   1   0    1.75934e-02 
	  0   2   0    -1.01344e-02 
	  2   0   1    -3.56011e-01 
	  0   1   1    4.67152e-02 
	  0   2   2    -1.33112e-02 
	  2   0   2    4.98141e-01 
	  0   3   0    -9.98530e-03 
	  0   2   1    -5.59865e-02 
	  1   1   2    -3.01637e-01 
	  1   1   1    1.14656e-01 
	  1   2   0    -1.41863e-02 
deltscap2
parameters 15
# exponents ... coefficient
	  0   0   0    1.49434e-01 
	  0   0   1    4.84869e-02 
	  1   0   0    5.41960e-02 
	  1   0   3    -4.65745e-01 
	  0   1   0    1.14713e-02 
	  2   2   0    -3.51572e-01 
	  3   1   0    -6.98112e-01 
	  2   1   1    7.53112e-01 
	  1   3   0    -6.53403e-02 
	  0   4   0    -1.69726e-02 
	  4   0   0    -3.47691e-01 
	  3   0   1    4.19431e-01 
	  0   1   1    4.98241e-02 
	  1   1   0    -5.42246e-02 
	  0   2   2    -1.74694e-01 
deltscap3
parameters 13
# exponents ... coefficient
	  0   0   0    1.36167e-01 
	  0   1   1    5.86846e-02 
	  1   0   0    5.40265e-02 
	  1   0   2    -3.35755e-02 
	  0   1   0    1.08937e-02 
	  4   0   0    -2.67217e-01 
	  1   3   0    -7.80505e-02 
	  0   0   1    1.44612e-02 
	  0   0   2    -3.82086e-02 
	  0   3   0    -6.41210e-03 
	  3   0   0    1.22441e-01 
	  2   0   2    -2.74466e-01 
	  0   1   3    -5.56887e-02 
deltscap4
parameters 22
# exponents ... coefficient
	  0   0   0    1.12752e-01 
	  1   1   0    -1.90745e-02 
	  1   0   0    6.02884e-02 
	  1   0   2    -3.95318e-02 
	  0   1   1    5.69699e-02 
	  0   1   0    1.16518e-02 
	  2   1   0    7.85453e-02 
	  4   0   0    -1.03232e-01 
	  0   0   2    -2.86354e-02 
	  0   3   0    -6.39541e-03 
	  2   0   1    3.48581e-02 
	  3   0   0    1.14193e-01 
	  0   1   3    -6.40046e-02 
	  2   0   0    -3.55477e-02 
	  1   2   0    -3.00972e-02 
	  1   2   1    8.22013e-02 
	  3   0   1    -2.21440e-01 
	  0   2   0    1.04194e-03 
	  2   1   1    -7.84243e-02 
	  1   0   1    -1.19353e-02 
	  0   1   2    2.29908e-02 
	  0   0   1    1.21051e-03 
deltscap5
parameters 19
# exponents ... coefficient
	  0   0   0    1.07264e-01 
	  1   1   0    1.48044e-02 
	  0   0   2    -2.58182e-02 
	  1   0   0    4.90277e-02 
	  0   1   0    9.51616e-03 
	  2   0   1    -7.41864e-02 
	  0   0   1    -2.88874e-02 
	  0   1   1    4.66564e-02 
	  2   0   2    1.12710e-01 
	  0   2   0    5.12537e-03 
	  0   3   0    -6.06481e-03 
	  3   0   0    -3.81934e-02 
	  1   0   1    -3.12670e-02 
	  0   3   1    1.07781e-02 
	  1   2   0    -2.16613e-02 
	  0   2   1    1.39057e-02 
	  0   1   2    -2.52026e-02 
	  2   0   0    -1.33171e-02 
	  2   2   0    2.40128e-02 
deltscap6
parameters 17
# exponents ... coefficient
	  0   0   0    1.43623e-01 
	  1   1   0    -7.12877e-03 
	  0   0   2    -4.12851e-02 
	  1   0   0    6.42762e-02 
	  0   1   1    5.89993e-02 
	  2   0   0    -3.17587e-02 
	  0   1   0    9.01184e-03 
	  3   0   1    -1.21975e-01 
	  0   0   1    -9.87947e-03 
	  2   1   0    6.58111e-02 
	  2   1   1    -8.42584e-02 
	  1   0   1    -2.66686e-02 
	  0   2   0    4.41107e-03 
	  0   3   0    -5.28447e-03 
	  1   2   0    -3.75847e-02 
	  1   2   1    8.97399e-02 
	  1   1   2    -8.19848e-02 
deltscap7
parameters 18
# exponents ... coefficient
	  0   0   0    1.59840e-01 
	  1   1   0    4.42528e-03 
	  0   0   2    -3.99660e-02 
	  1   0   0    6.11381e-02 
	  0   1   1    5.78376e-02 
	  2   0   0    -3.12059e-02 
	  0   1   0    6.61438e-03 
	  0   0   1    -1.58450e-02 
	  3   0   1    -1.01640e-01 
	  2   1   0    3.90034e-02 
	  1   1   2    -9.70954e-02 
	  0   2   0    3.77041e-03 
	  1   2   0    -3.87387e-02 
	  1   0   1    -2.21656e-02 
	  0   3   0    -3.97435e-03 
	  1   2   1    7.53132e-02 
	  0   2   1    6.26187e-03 
	  0   0   3    1.13904e-02 
deltscap8
parameters 17
# exponents ... coefficient
	  0   0   0    1.41687e-01 
	  1   1   0    1.51575e-02 
	  0   0   2    -4.09808e-02 
	  1   0   0    4.95299e-02 
	  0   1   0    5.06729e-03 
	  2   0   0    -2.94432e-02 
	  0   1   1    4.48912e-02 
	  0   0   1    -2.95878e-02 
	  0   2   0    6.23775e-03 
	  3   0   1    1.67351e-02 
	  1   2   0    -2.15720e-02 
	  1   0   1    -3.28730e-02 
	  3   0   0    -4.52912e-02 
	  0   2   1    1.55221e-02 
	  0   3   0    -3.05323e-03 
	  0   1   2    -2.03470e-02 
	  0   0   3    1.61525e-02 
deltscap9
parameters 22
# exponents ... coefficient
	  0   0   0    1.50623e-01 
	  1   1   0    2.37849e-02 
	  0   0   1    -3.82838e-02 
	  0   2   1    2.16060e-02 
	  1   0   0    4.17331e-02 
	  2   0   0    -3.72723e-02 
	  0   1   1    4.41886e-02 
	  0   0   2    -4.35755e-02 
	  0   1   0    6.45642e-03 
	  1   0   1    -4.22804e-02 
	  0   1   2    -6.42174e-02 
	  3   0   0    -6.37757e-02 
	  3   0   1    1.10182e-01 
	  1   2   0    -1.58989e-02 
	  0   3   0    -4.20074e-03 
	  0   2   0    2.58476e-03 
	  3   1   0    -6.95224e-02 
	  0   0   3    7.83664e-02 
	  2   1   0    2.26707e-02 
	  0   1   3    6.25621e-02 
	  0   0   4    -7.59662e-02 
	  0   3   1    9.05959e-03 
deltscap10
parameters 29
# exponents ... coefficient
	  0   0   0    1.40266e-01 
	  0   0   1    -5.14951e-02 
	  0   1   1    2.59790e-02 
	  4   0   0    3.19934e-02 
	  1   0   0    2.60110e-02 
	  2   0   0    -6.06490e-02 
	  0   1   0    5.04117e-03 
	  1   1   0    3.62788e-02 
	  0   2   1    3.25378e-02 
	  0   0   2    -1.54641e-02 
	  1   1   1    -5.96164e-02 
	  0   2   0    3.64975e-03 
	  0   2   2    -5.09770e-02 
	  1   1   2    1.40870e-04 
	  0   3   0    -3.14285e-03 
	  3   0   0    -3.81587e-02 
	  3   0   1    3.92405e-03 
	  1   0   1    -5.51283e-02 
	  2   0   1    7.88103e-02 
	  0   3   1    1.03409e-02 
	  3   1   0    -4.40034e-02 
	  1   2   0    -8.54965e-03 
	  0   1   2    -5.19881e-02 
	  0   1   3    1.11795e-01 
	  2   0   2    -4.99133e-02 
	  1   0   2    1.12103e-01 
	  1   0   3    -1.17754e-01 
	  2   1   1    7.05129e-02 
	  1   2   1    2.14336e-02 
deltscap11
parameters 25
# exponents ... coefficient
	  0   0   0    1.31325e-01 
	  0   0   1    -5.58914e-02 
	  2   0   0    -8.12727e-02 
	  0   1   0    2.96840e-03 
	  0   2   1    1.70706e-02 
	  1   1   0    3.41724e-02 
	  0   2   0    5.16036e-03 
	  1   0   0    -1.10806e-02 
	  2   1   0    -2.71333e-02 
	  0   0   4    -2.12297e-02 
	  2   0   1    1.29325e-01 
	  2   0   2    -1.21782e-01 
	  0   1   1    -5.37724e-03 
	  2   1   1    9.64179e-02 
	  1   1   1    -1.16082e-01 
	  1   1   2    1.28516e-01 
	  1   2   0    7.67936e-03 
	  1   0   1    1.91317e-02 
	  0   0   2    -1.20549e-02 
	  3   0   0    4.28402e-02 
	  3   0   1    -1.19441e-01 
	  0   3   0    -1.53540e-03 
	  0   4   0    9.79736e-04 
	  0   1   2    1.17109e-02 
	  0   3   1    4.94845e-03 
deltclav1
parameters 18
# exponents ... coefficient
	  0   0   0   0   0   0    1.52786e-01 
	  0   1   0   1   0   1    3.39693e-02 
	  1   1   0   0   0   0    -6.12580e-02 
	  0   0   1   0   0   0    4.80822e-02 
	  0   1   0   0   1   1    -5.08903e-02 
	  0   1   0   1   0   0    -8.83077e-02 
	  0   1   2   0   0   1    -2.67585e-01 
	  0   1   0   0   0   3    1.24262e-01 
	  0   1   0   0   1   0    -1.51790e-02 
	  0   0   1   2   0   0    -7.86284e-02 
	  0   0   0   1   1   0    -9.14001e-02 
	  0   1   0   0   0   0    -1.64548e-02 
	  0   0   0   3   0   0    -8.00515e-02 
	  1   1   0   1   0   1    1.40594e-01 
	  0   1   0   1   1   0    1.27051e-01 
	  1   0   2   0   0   1    -1.86950e-01 
	  0   1   0   0   0   2    -2.76554e-01 
	  0   1   0   0   0   1    5.20230e-02 
deltclav2
parameters 33
# exponents ... coefficient
	  0   0   0   0   0   0    1.80336e-01 
	  0   1   0   1   0   0    -1.09859e-01 
	  1   1   0   0   0   0    -9.63972e-02 
	  0   0   1   0   0   0    8.71205e-02 
	  0   2   0   0   1   1    8.72896e-02 
	  0   1   0   1   0   2    1.04102e-01 
	  0   1   2   1   0   0    7.08977e-02 
	  0   0   0   0   0   1    8.58576e-02 
	  0   1   0   0   0   2    -1.55377e-02 
	  0   0   0   0   1   0    -7.87001e-03 
	  0   0   0   2   1   0    -4.07331e-02 
	  0   1   0   2   0   0    1.62782e-02 
	  0   0   3   0   0   1    -9.89044e-02 
	  0   1   0   0   0   0    -1.24021e-02 
	  0   0   0   1   1   0    -7.81433e-02 
	  0   2   0   1   1   0    1.28964e-01 
	  1   1   0   1   0   1    2.73601e-01 
	  0   0   1   1   0   1    -1.98865e-01 
	  1   0   1   1   0   0    -1.32549e-01 
	  0   0   2   0   0   1    -1.14058e-01 
	  0   0   0   2   0   0    -7.90262e-02 
	  2   1   1   0   0   0    -1.33219e-01 
	  2   1   0   1   0   0    9.16203e-02 
	  0   3   1   0   0   0    -4.29707e-02 
	  0   1   0   0   0   1    -1.22862e-01 
	  0   1   0   0   1   1    -1.46779e-01 
	  0   0   0   0   0   3    -5.24931e-02 
	  0   0   2   0   0   0    -2.34988e-02 
	  0   0   0   0   0   2    -5.26671e-02 
	  0   1   0   1   2   0    4.86234e-02 
	  0   0   2   1   1   0    3.37764e-01 
	  1   0   1   1   1   0    -3.26654e-01 
	  2   0   0   1   1   0    9.03575e-02 
deltclav3
parameters 25
# exponents ... coefficient
	  0   0   0   0   0   0    1.62275e-01 
	  0   1   0   1   0   0    -9.25958e-02 
	  0   0   1   0   0   0    7.11950e-02 
	  1   1   0   0   0   0    -8.56393e-02 
	  0   2   0   0   1   1    2.14903e-01 
	  0   1   0   1   0   2    3.29817e-01 
	  0   1   2   1   0   0    -1.43306e-01 
	  0   0   0   0   1   0    -9.34366e-03 
	  0   1   0   0   0   0    -1.53296e-02 
	  0   0   0   1   1   1    -2.62065e-02 
	  0   0   1   0   0   2    -1.21258e-01 
	  1   1   0   0   0   2    1.57560e-01 
	  0   0   0   0   0   1    6.34817e-02 
	  0   1   0   0   0   2    -1.40239e-01 
	  0   0   0   2   0   0    -6.56472e-02 
	  0   0   0   1   1   0    -4.18309e-02 
	  0   1   0   0   1   1    -1.92113e-01 
	  1   0   3   0   0   0    -8.68721e-02 
	  0   0   2   0   0   1    -1.20924e-01 
	  0   1   0   0   0   1    -8.01273e-02 
	  0   0   0   1   0   2    -1.69332e-01 
	  1   1   2   0   0   0    -1.18596e-01 
	  0   0   1   0   1   0    1.42719e-02 
	  1   2   0   0   1   0    -3.31998e-02 
	  3   1   0   0   0   0    -2.22636e-02 
deltclav4
parameters 35
# exponents ... coefficient
	  0   0   0   0   0   0    1.79379e-01 
	  0   1   0   1   0   0    -1.09502e-01 
	  1   1   0   0   0   0    -9.32368e-02 
	  0   0   1   0   0   0    8.42435e-02 
	  0   2   0   0   1   1    9.75247e-02 
	  0   1   0   1   0   2    9.39323e-02 
	  0   1   2   1   0   0    7.00577e-02 
	  0   0   0   0   0   1    8.48119e-02 
	  0   1   0   0   0   2    -7.89447e-03 
	  0   0   0   0   1   0    -7.64863e-03 
	  0   0   0   2   1   0    6.77360e-02 
	  0   1   0   2   0   0    3.49859e-02 
	  0   0   3   0   0   1    -9.64338e-02 
	  0   1   0   0   0   0    -1.20247e-02 
	  0   1   0   2   1   0    -2.41091e-01 
	  1   1   0   1   0   1    2.68123e-01 
	  0   0   1   1   0   1    -1.93982e-01 
	  0   0   0   1   1   0    -8.69355e-02 
	  1   0   1   1   0   0    -1.27857e-01 
	  0   2   0   1   1   0    1.94178e-01 
	  0   0   2   0   0   1    -1.11056e-01 
	  0   0   0   2   0   0    -6.33927e-02 
	  2   1   1   0   0   0    -1.27935e-01 
	  2   1   0   1   0   0    8.89584e-02 
	  0   3   1   0   0   0    -4.20861e-02 
	  0   1   0   0   1   1    -1.48685e-01 
	  0   1   0   0   0   1    -1.22953e-01 
	  0   0   0   0   0   3    -5.16732e-02 
	  0   0   2   0   0   0    -2.23791e-02 
	  0   0   0   0   0   2    -5.54286e-02 
	  0   0   2   1   1   0    3.14683e-01 
	  0   1   0   1   2   0    4.51824e-02 
	  1   0   1   1   1   0    -3.00465e-01 
	  2   0   0   1   1   0    8.41077e-02 
	  0   0   0   3   0   0    -4.36336e-02 
coracobr1
parameters 26
# exponents ... coefficient
	  0   0   0    1.64715e-01 
	  1   0   0    -5.98687e-02 
	  0   1   1    -5.73574e-02 
	  0   0   1    1.85098e-02 
	  2   1   1    -2.04173e-02 
	  0   0   2    -2.58409e-02 
	  2   0   0    -3.36129e-02 
	  1   2   0    3.25671e-02 
	  1   1   0    -1.93494e-02 
	  3   0   1    6.45303e-03 
	  0   2   0    2.94764e-03 
	  0   2   1    -1.05761e-02 
	  1   0   1    5.09077e-03 
	  3   0   0    1.33463e-02 
	  1   1   1    -1.54946e-02 
	  2   1   0    -7.32185e-03 
	  0   2   2    -1.37248e-02 
	  1   0   2    1.65220e-02 
	  0   0   3    -8.87100e-03 
	  4   0   0    1.82977e-02 
	  1   3   0    7.44173e-03 
	  2   2   0    9.93014e-03 
	  2   0   1    -1.06349e-02 
	  0   1   2    5.98272e-03 
	  0   1   3    -9.38479e-03 
	  2   0   2    2.15758e-02 
coracobr2
parameters 28
# exponents ... coefficient
	  0   0   0    1.78077e-01 
	  1   0   0    -6.48453e-02 
	  1   1   1    -1.84079e-02 
	  0   0   1    2.97162e-02 
	  0   1   1    -6.43174e-02 
	  1   2   0    3.46499e-02 
	  1   1   0    -2.88262e-02 
	  0   2   2    -1.61668e-02 
	  0   1   0    2.48724e-03 
	  0   0   3    -1.39848e-02 
	  2   1   0    -1.08897e-02 
	  2   0   0    -2.57764e-02 
	  3   0   1    1.63743e-02 
	  0   3   1    -2.96521e-03 
	  0   0   2    -1.55019e-02 
	  0   2   1    -1.56158e-02 
	  0   2   0    1.97114e-03 
	  0   3   0    -1.36588e-03 
	  1   0   1    6.13539e-03 
	  3   0   0    1.82738e-02 
	  1   0   2    2.71546e-02 
	  4   0   0    1.71351e-02 
	  1   3   0    6.75919e-03 
	  0   1   2    8.55907e-03 
	  0   4   0    -7.23690e-04 
	  0   1   3    -7.93782e-03 
	  3   1   0    -8.32375e-03 
	  2   0   1    -1.12662e-02 
coracobr3
parameters 31
# exponents ... coefficient
	  0   0   0    1.93601e-01 
	  1   0   0    -7.09538e-02 
	  0   1   1    -6.89574e-02 
	  0   0   1    2.12134e-02 
	  2   1   1    -2.03084e-02 
	  0   0   2    -2.68287e-02 
	  2   0   0    -3.77262e-02 
	  1   2   0    3.84957e-02 
	  1   1   0    -2.10214e-02 
	  3   0   1    8.33702e-03 
	  0   1   0    1.28884e-03 
	  0   2   2    -1.63757e-02 
	  0   2   0    2.73002e-03 
	  0   2   1    -1.14169e-02 
	  1   0   1    5.51266e-03 
	  3   0   0    1.73437e-02 
	  2   0   2    2.55994e-02 
	  1   1   1    -1.97049e-02 
	  3   1   0    -4.89114e-03 
	  0   3   0    -6.99757e-04 
	  1   3   0    8.26875e-03 
	  4   0   0    2.13351e-02 
	  0   0   3    -9.43634e-03 
	  0   3   1    -1.86646e-03 
	  2   2   0    9.24943e-03 
	  2   1   0    -6.71073e-03 
	  1   0   2    2.03486e-02 
	  2   0   1    -1.20456e-02 
	  0   1   2    6.09628e-03 
	  0   1   3    -1.10570e-02 
	  0   4   0    -4.63071e-04 
infra1
parameters 23
# exponents ... coefficient
	  0   0   0    8.93356e-02 
	  0   0   2    -3.31730e-02 
	  0   1   0    3.19578e-02 
	  0   2   0    -2.68331e-02 
	  1   0   0    -1.01158e-02 
	  1   1   0    2.33211e-02 
	  2   0   1    8.10524e-03 
	  0   3   0    -1.01621e-02 
	  2   1   0    -1.76401e-02 
	  0   0   1    -1.83854e-03 
	  2   0   0    3.24213e-03 
	  1   0   1    6.92445e-03 
	  0   2   2    -1.68484e-02 
	  0   4   0    -5.63381e-03 
	  3   0   0    5.64911e-03 
	  1   2   0    -7.80905e-03 
	  1   3   0    1.17102e-02 
	  0   3   1    -6.83458e-04 
	  1   2   1    1.26878e-02 
	  0   0   3    -2.77700e-03 
	  2   1   1    -1.09318e-02 
	  0   1   1    2.33111e-03 
	  0   1   2    -4.56133e-03 
infra2
parameters 19
# exponents ... coefficient
	  0   0   0    1.73873e-01 
	  0   0   2    -4.14640e-02 
	  0   1   0    2.28699e-02 
	  0   2   0    -2.57141e-02 
	  1   0   0    -1.37259e-02 
	  1   1   0    3.73630e-02 
	  0   3   0    -1.09887e-02 
	  0   0   1    -4.27614e-03 
	  2   1   0    -1.02031e-02 
	  0   1   2    -9.78024e-03 
	  1   2   0    8.63373e-04 
	  2   2   0    -8.49578e-03 
	  1   0   2    5.94191e-03 
	  2   0   0    -6.81873e-03 
	  3   0   0    5.46611e-03 
	  0   4   0    -3.69004e-03 
	  1   3   0    8.89610e-03 
	  1   1   1    7.44925e-03 
	  3   0   1    1.01830e-02 
infra3
parameters 20
# exponents ... coefficient
	  0   0   0    1.48966e-01 
	  0   0   2    -3.93687e-02 
	  0   1   0    2.44557e-02 
	  0   2   0    -2.52770e-02 
	  1   0   0    -1.38845e-02 
	  1   1   0    3.55751e-02 
	  0   0   1    -6.86993e-03 
	  0   3   0    -1.12500e-02 
	  2   1   1    -2.18299e-02 
	  2   0   2    9.48215e-03 
	  0   1   1    -1.30928e-03 
	  1   3   0    8.90615e-03 
	  0   4   0    -4.07283e-03 
	  2   2   0    -8.65160e-03 
	  2   1   0    -5.84561e-03 
	  0   1   2    -1.12006e-02 
	  3   0   1    7.62880e-03 
	  2   0   0    -4.73935e-03 
	  1   1   2    2.79813e-02 
	  3   0   0    6.57838e-03 
infra4
parameters 19
# exponents ... coefficient
	  0   0   0    1.40321e-01 
	  0   0   1    -2.03296e-02 
	  0   1   0    2.45882e-02 
	  0   2   0    -2.42248e-02 
	  1   0   0    -1.35760e-02 
	  1   1   0    3.53614e-02 
	  0   0   2    -3.44819e-02 
	  3   0   1    2.81621e-02 
	  0   3   0    -1.15391e-02 
	  0   1   2    -8.34480e-03 
	  2   1   0    -1.31650e-02 
	  0   4   0    -3.20726e-03 
	  1   0   3    2.00736e-02 
	  0   1   1    -4.65423e-03 
	  0   2   1    8.17719e-03 
	  1   3   0    8.49937e-03 
	  1   1   1    9.59536e-03 
	  3   0   0    3.27350e-03 
	  0   2   2    -8.72975e-03 
infra5
parameters 26
# exponents ... coefficient
	  0   0   0    1.27138e-01 
	  0   0   1    -3.03000e-02 
	  0   1   0    2.37626e-02 
	  0   2   0    -2.66167e-02 
	  1   1   0    2.79965e-02 
	  0   0   2    -3.01111e-02 
	  3   0   1    1.75385e-02 
	  1   0   0    -8.10045e-03 
	  0   3   0    -1.03976e-02 
	  2   0   1    1.48598e-02 
	  2   1   1    -1.72455e-02 
	  0   0   4    6.81577e-03 
	  0   4   0    -4.04660e-03 
	  0   1   1    -5.68978e-03 
	  3   0   0    2.59595e-03 
	  0   2   1    1.15470e-02 
	  1   1   1    8.81681e-03 
	  1   3   0    8.50901e-03 
	  0   2   2    -9.00599e-03 
	  1   2   0    -2.85301e-03 
	  1   2   1    7.57376e-03 
	  2   0   0    6.32444e-03 
	  1   0   3    2.26213e-02 
	  2   1   0    -1.18273e-02 
	  0   1   2    -6.80540e-03 
	  1   0   1    1.97646e-03 
infra6
parameters 22
# exponents ... coefficient
	  0   0   0    1.09867e-01 
	  0   0   1    -2.46725e-02 
	  0   1   0    3.19625e-02 
	  4   0   0    4.49271e-03 
	  0   2   0    -2.70001e-02 
	  0   0   2    -2.93473e-02 
	  1   0   0    -4.82965e-03 
	  2   0   1    1.11957e-02 
	  1   3   0    1.41602e-03 
	  0   3   0    -1.25842e-02 
	  2   0   0    1.30085e-02 
	  0   1   2    -1.45126e-02 
	  2   1   0    -2.44931e-02 
	  1   1   0    9.20575e-03 
	  0   1   1    -5.45716e-03 
	  0   2   1    9.17950e-03 
	  2   0   2    2.20864e-02 
	  0   4   0    -3.85986e-03 
	  1   0   1    -2.44780e-03 
	  0   0   4    7.90102e-03 
	  2   2   0    5.94338e-03 
	  0   3   1    -5.96373e-03 
termin1
parameters 20
# exponents ... coefficient
	  0   0   0    9.39163e-02 
	  0   0   1    3.69732e-02 
	  0   1   0    2.92083e-02 
	  0   0   2    -3.80911e-02 
	  1   2   0    -3.52871e-02 
	  0   2   0    -2.62537e-02 
	  2   0   0    1.28567e-02 
	  2   0   2    -4.57272e-02 
	  1   0   0    -3.97234e-03 
	  0   3   0    1.20102e-02 
	  1   1   1    3.08662e-02 
	  1   1   2    -6.17500e-02 
	  3   1   0    -1.52593e-02 
	  0   4   0    1.02449e-02 
	  1   2   1    5.66954e-02 
	  1   1   0    5.33565e-03 
	  0   1   1    3.95183e-03 
	  0   2   1    -1.21940e-02 
	  1   3   0    -1.10264e-02 
	  0   2   2    2.22923e-02 
termin2
parameters 14
# exponents ... coefficient
	  0   0   0    1.10207e-01 
	  0   1   0    3.18929e-02 
	  0   0   1    2.83213e-02 
	  0   0   2    -3.85364e-02 
	  1   0   0    -5.27652e-03 
	  0   2   0    -3.08037e-02 
	  1   2   0    -4.08324e-02 
	  1   1   0    1.28986e-02 
	  0   3   0    1.08465e-02 
	  1   0   3    -4.97446e-03 
	  2   0   0    6.35051e-03 
	  1   2   1    9.05793e-02 
	  0   4   0    1.43645e-02 
	  1   0   2    -2.62226e-02 
termin3
parameters 21
# exponents ... coefficient
	  0   0   0    7.03698e-02 
	  0   1   0    3.19362e-02 
	  0   0   1    2.49874e-02 
	  0   0   2    -3.10854e-02 
	  2   0   0    1.14054e-02 
	  1   2   0    -2.05160e-02 
	  0   2   0    -2.96656e-02 
	  2   0   2    -1.30133e-02 
	  0   3   0    1.31199e-02 
	  1   2   1    6.42849e-02 
	  3   1   0    2.14044e-03 
	  1   3   0    -8.28200e-03 
	  1   0   2    -2.82911e-03 
	  1   0   0    1.78491e-03 
	  1   0   1    -1.13890e-02 
	  1   1   1    1.47113e-02 
	  0   4   0    1.11772e-02 
	  3   0   0    -3.94981e-03 
	  2   1   0    -1.76877e-02 
	  2   2   0    2.45030e-02 
	  0   0   4    -7.80688e-03 
termaj1
parameters 28
# exponents ... coefficient
	  0   0   1    1.19382e-01 
	  0   0   0    9.45408e-02 
	  0   1   0    -1.93539e-02 
	  2   0   0    8.58653e-02 
	  1   1   0    -1.24095e-01 
	  1   0   0    5.74449e-02 
	  2   1   1    -1.70358e-01 
	  2   0   1    -8.63586e-02 
	  1   2   0    -4.64857e-02 
	  0   1   1    5.65799e-02 
	  0   2   1    -6.26682e-02 
	  0   3   0    1.25463e-02 
	  2   1   0    7.62835e-02 
	  0   3   1    -3.21315e-02 
	  1   0   1    -7.22456e-02 
	  1   1   1    1.07505e-01 
	  3   0   0    -4.81287e-02 
	  0   2   0    1.81293e-03 
	  0   2   2    6.09759e-02 
	  0   1   2    -4.62607e-02 
	  0   0   2    3.97142e-02 
	  0   0   3    -5.55291e-02 
	  1   2   1    8.10594e-02 
	  3   1   0    2.23429e-02 
	  2   0   2    7.85480e-02 
	  1   3   0    -1.24267e-02 
	  2   2   0    -2.78674e-02 
	  0   4   0    1.37090e-03 
termaj2
parameters 24
# exponents ... coefficient
	  0   0   1    1.60165e-01 
	  0   0   0    1.11507e-01 
	  0   1   0    -1.76098e-02 
	  2   0   0    9.03117e-02 
	  1   1   0    -1.55179e-01 
	  1   0   0    6.42623e-02 
	  1   2   0    -4.59915e-02 
	  1   0   2    -6.10802e-02 
	  1   1   1    1.74138e-01 
	  0   2   1    -8.11631e-02 
	  0   1   1    6.69278e-02 
	  2   1   0    7.52788e-02 
	  0   3   0    1.12381e-02 
	  3   0   0    -6.78043e-02 
	  1   0   1    -7.64253e-02 
	  1   1   2    -8.22120e-02 
	  1   2   1    9.06210e-02 
	  0   2   0    -2.67012e-03 
	  0   3   1    -3.34626e-02 
	  0   1   2    -6.73614e-02 
	  0   2   2    9.18955e-02 
	  2   1   1    -1.25930e-01 
	  2   2   0    -4.85471e-02 
	  1   3   0    -1.82435e-02 
termaj3
parameters 24
# exponents ... coefficient
	  0   0   1    1.39168e-01 
	  0   0   0    1.05406e-01 
	  0   1   0    -1.68717e-02 
	  1   0   0    7.59239e-02 
	  1   1   0    -1.34533e-01 
	  1   2   0    -4.91650e-02 
	  0   1   1    8.14039e-02 
	  1   0   2    -2.24907e-02 
	  0   2   1    -6.66123e-02 
	  2   1   0    7.92554e-02 
	  2   0   0    5.60328e-02 
	  0   3   0    1.06504e-02 
	  3   0   0    -5.66931e-02 
	  1   0   1    -8.77127e-02 
	  1   2   1    9.34925e-02 
	  0   1   2    -7.30181e-02 
	  1   1   1    1.11659e-01 
	  0   2   0    -2.84184e-03 
	  0   3   1    -2.72553e-02 
	  2   1   1    -1.48352e-01 
	  0   2   2    5.87706e-02 
	  0   0   3    -1.66930e-02 
	  1   3   0    -1.73687e-02 
	  2   2   0    -3.78443e-02 
termaj4
parameters 26
# exponents ... coefficient
	  0   0   0    9.00254e-02 
	  0   0   1    8.56157e-02 
	  0   1   0    -2.16451e-02 
	  1   0   0    5.26846e-02 
	  1   1   0    -8.99255e-02 
	  1   2   0    -4.40746e-02 
	  0   1   1    4.31229e-02 
	  0   3   0    1.36009e-02 
	  0   3   1    -2.69968e-02 
	  1   0   2    3.98457e-03 
	  2   1   0    5.78740e-02 
	  2   0   0    5.54589e-02 
	  0   0   2    4.15670e-02 
	  0   2   1    -4.16107e-02 
	  3   0   0    -3.91654e-02 
	  1   0   1    -6.18078e-02 
	  1   2   1    7.49981e-02 
	  0   0   3    -4.42521e-02 
	  0   4   0    2.41906e-03 
	  2   0   1    -2.88231e-02 
	  2   1   1    -8.49627e-02 
	  1   1   1    5.43847e-02 
	  0   1   3    -4.89309e-02 
	  0   2   2    2.91743e-02 
	  1   3   0    -1.35219e-02 
	  2   2   0    -1.92966e-02 
supra1
parameters 21
# exponents ... coefficient
	  0   0   0    9.24292e-02 
	  0   0   1    -3.87251e-02 
	  4   0   0    -9.19049e-03 
	  1   0   0    -4.93636e-03 
	  0   4   0    -4.12266e-03 
	  0   1   0    2.37213e-02 
	  0   2   0    -3.73690e-02 
	  2   0   0    1.20807e-02 
	  0   0   2    -9.48097e-03 
	  2   1   0    -9.64243e-03 
	  3   0   1    4.18008e-02 
	  0   1   1    -2.28431e-02 
	  0   2   1    2.57147e-02 
	  0   3   0    -1.33397e-02 
	  1   0   1    -5.72986e-03 
	  1   2   0    3.47817e-03 
	  0   3   1    3.42402e-02 
	  0   0   4    -2.90385e-02 
	  0   1   3    4.84772e-02 
	  0   2   2    -5.20565e-02 
	  3   1   0    -9.11025e-03 
supra2
parameters 21
# exponents ... coefficient
	  0   0   0    9.61232e-02 
	  0   0   1    -3.68944e-02 
	  1   2   0    1.40571e-03 
	  0   1   0    2.77628e-02 
	  0   2   0    -3.24659e-02 
	  4   0   0    -8.45316e-03 
	  1   0   0    -6.19143e-03 
	  0   0   2    -1.20785e-02 
	  1   1   0    -6.66340e-03 
	  2   0   0    1.43260e-02 
	  2   1   1    -7.74489e-02 
	  0   3   0    -1.33773e-02 
	  0   1   1    -1.81756e-02 
	  0   2   1    9.83668e-03 
	  1   0   1    -1.38970e-02 
	  3   0   1    4.88499e-02 
	  1   1   2    6.38309e-02 
	  0   3   1    2.54031e-02 
	  0   4   0    -6.01495e-03 
	  1   3   0    6.17458e-03 
	  0   0   3    -1.30517e-02 
supra3
parameters 25
# exponents ... coefficient
	  0   0   0    1.18061e-01 
	  0   0   1    -4.05931e-02 
	  1   0   0    -1.55642e-02 
	  0   2   0    -2.97074e-02 
	  0   1   0    -1.61528e-02 
	  1   1   0    1.77295e-02 
	  3   0   0    8.17509e-03 
	  1   0   1    -2.24072e-02 
	  0   2   1    1.62911e-02 
	  2   0   1    -9.71971e-05 
	  0   3   0    6.82152e-03 
	  2   1   0    6.64079e-03 
	  1   2   0    7.97159e-03 
	  2   0   0    9.08478e-03 
	  2   0   2    7.32739e-02 
	  0   0   2    -1.01903e-02 
	  0   1   3    1.88841e-02 
	  0   0   4    2.47132e-02 
	  1   0   2    -2.44508e-02 
	  2   2   0    1.15220e-02 
	  1   3   0    3.99216e-03 
	  0   3   1    4.09634e-03 
	  2   1   1    3.95124e-02 
	  4   0   0    8.56703e-03 
	  1   1   1    -7.33398e-03 
supra4
parameters 27
# exponents ... coefficient
	  0   0   0    9.53047e-02 
	  0   0   1    -4.15273e-02 
	  0   1   0    -1.88061e-02 
	  1   0   0    -1.30926e-02 
	  2   0   0    1.62626e-02 
	  0   2   0    -2.73536e-02 
	  1   1   0    1.28554e-02 
	  1   0   1    -2.60902e-02 
	  2   0   2    4.22125e-02 
	  0   3   1    1.22748e-02 
	  1   1   2    -2.12923e-02 
	  3   0   1    3.09074e-02 
	  0   3   0    6.74307e-03 
	  0   2   1    1.30514e-02 
	  2   1   0    9.24123e-03 
	  1   2   0    6.55977e-03 
	  0   1   3    3.75632e-02 
	  0   0   2    -7.65286e-03 
	  0   0   4    4.55413e-02 
	  3   0   0    8.13041e-03 
	  2   2   0    2.00791e-02 
	  2   1   1    4.75237e-02 
	  0   0   3    -1.78172e-02 
	  1   3   0    5.65790e-03 
	  0   4   0    2.11492e-03 
	  0   1   1    2.25921e-03 
	  0   2   2    1.38176e-02 
subscap1
parameters 27
# exponents ... coefficient
	  0   0   0    7.53736e-02 
	  0   1   0    -4.14409e-02 
	  1   0   0    -1.18794e-02 
	  0   4   0    1.34178e-02 
	  1   1   0    2.04172e-02 
	  0   0   4    -2.37087e-02 
	  0   0   1    -1.76897e-02 
	  0   2   2    7.46867e-03 
	  0   3   0    3.22054e-02 
	  0   0   2    3.58542e-02 
	  1   2   0    2.00278e-02 
	  1   0   1    -2.13226e-02 
	  2   1   1    1.12472e-02 
	  0   2   0    1.20622e-02 
	  0   0   3    2.85132e-02 
	  1   0   3    2.78257e-02 
	  0   1   3    2.19118e-02 
	  0   1   1    -1.54366e-02 
	  0   3   1    1.88117e-02 
	  0   1   2    4.03442e-02 
	  2   1   0    1.70118e-02 
	  2   0   0    -6.91922e-03 
	  3   0   1    2.82884e-02 
	  0   2   1    9.31957e-03 
	  2   2   0    3.07860e-02 
	  1   3   0    5.09084e-03 
	  3   1   0    1.52183e-02 
subscap2
parameters 25
# exponents ... coefficient
	  0   0   0    9.85284e-02 
	  0   0   3    1.63749e-02 
	  0   4   0    -2.00682e-03 
	  1   0   0    -1.37292e-02 
	  1   3   0    -9.32066e-03 
	  0   1   0    -2.94242e-02 
	  1   1   0    3.94091e-02 
	  0   2   0    3.29689e-02 
	  0   3   0    2.41231e-02 
	  0   1   2    2.92125e-02 
	  3   0   0    6.52826e-03 
	  1   2   0    2.00894e-02 
	  2   1   0    2.47600e-02 
	  0   0   4    -2.49928e-02 
	  0   0   1    -1.02957e-02 
	  0   0   2    5.13794e-02 
	  1   0   1    -1.31645e-02 
	  0   2   1    1.00119e-02 
	  2   0   1    6.69591e-03 
	  2   0   0    4.73669e-03 
	  0   1   1    1.39038e-03 
	  0   2   2    -1.63238e-02 
	  1   0   3    2.28654e-02 
	  1   1   2    -1.14467e-02 
	  4   0   0    5.49776e-03 
subscap3
parameters 23
# exponents ... coefficient
	  0   0   0    1.16878e-01 
	  0   1   0    -3.88724e-02 
	  0   0   1    -2.59478e-02 
	  2   0   0    -1.00350e-02 
	  1   0   0    -1.04958e-02 
	  1   1   0    2.89505e-02 
	  0   3   0    1.77779e-02 
	  0   1   3    4.08433e-02 
	  0   0   4    2.62153e-02 
	  1   0   1    -3.11621e-02 
	  0   0   2    1.44609e-02 
	  0   4   0    1.32301e-02 
	  0   2   2    3.40209e-02 
	  2   0   1    1.15753e-02 
	  2   1   0    1.22114e-02 
	  1   3   0    1.54023e-02 
	  0   1   1    -7.62556e-03 
	  0   3   1    1.75773e-02 
	  0   2   0    -2.90189e-03 
	  2   2   0    3.46216e-02 
	  3   0   0    7.87980e-03 
	  1   1   1    -1.61558e-02 
	  2   1   1    3.93205e-02 
subscap4
parameters 12
# exponents ... coefficient
	  0   0   0    1.18471e-01 
	  0   1   0    -4.54756e-02 
	  1   0   1    -4.61425e-02 
	  0   0   1    -9.49551e-03 
	  1   1   0    1.14465e-02 
	  3   0   0    1.35553e-03 
	  0   2   0    -1.39079e-02 
	  0   3   0    1.88665e-02 
	  1   0   0    5.44126e-03 
	  2   0   0    -1.81653e-02 
	  2   1   0    2.89169e-02 
	  0   3   1    -1.97051e-02 
subscap5
parameters 14
# exponents ... coefficient
	  0   0   0    1.19081e-01 
	  0   1   0    -4.44919e-02 
	  1   0   2    4.06489e-02 
	  0   0   1    -7.85887e-03 
	  1   1   0    1.46696e-02 
	  2   0   0    -2.11967e-02 
	  1   0   0    1.29390e-02 
	  0   2   0    -1.17545e-02 
	  1   0   1    -6.53668e-02 
	  0   3   0    3.37949e-02 
	  0   3   1    -5.10020e-02 
	  0   0   2    -1.69649e-02 
	  2   1   0    3.83360e-02 
	  0   4   0    -2.58967e-02 
subscap6
parameters 19
# exponents ... coefficient
	  0   0   0    1.42218e-01 
	  0   1   0    -4.28337e-02 
	  1   0   2    -1.42596e-02 
	  1   0   0    2.30720e-02 
	  2   0   0    -2.61325e-02 
	  0   1   1    -2.58680e-02 
	  0   2   0    -2.15473e-02 
	  1   0   1    -4.35262e-02 
	  2   1   1    6.09479e-02 
	  0   3   0    2.12537e-02 
	  0   0   1    1.95570e-03 
	  0   1   2    2.94448e-02 
	  0   0   2    -7.70467e-03 
	  1   3   0    -3.15357e-02 
	  1   2   0    2.38090e-02 
	  0   2   1    2.09170e-02 
	  0   3   1    -3.82659e-02 
	  1   2   1    -8.59968e-02 
	  2   1   0    2.55415e-02 
subscap7
parameters 17
# exponents ... coefficient
	  0   0   0    1.36850e-01 
	  0   1   0    -4.02177e-02 
	  0   0   2    -1.41522e-03 
	  1   0   0    2.78749e-02 
	  2   0   1    -1.72468e-02 
	  0   1   1    -3.44429e-02 
	  1   0   1    -4.17818e-02 
	  2   1   1    7.63075e-02 
	  0   3   0    1.84210e-02 
	  0   2   0    -1.06213e-02 
	  2   0   0    -9.10071e-03 
	  1   3   0    -4.37282e-02 
	  0   1   2    3.15101e-02 
	  0   0   1    2.07008e-03 
	  3   0   0    -1.40157e-02 
	  1   2   0    1.90478e-02 
	  1   2   1    -4.88231e-02 
subscap8
parameters 17
# exponents ... coefficient
	  0   0   0    9.52036e-02 
	  0   1   0    -4.17436e-02 
	  0   0   2    9.96228e-05 
	  1   0   0    2.71037e-02 
	  2   0   1    -1.15069e-02 
	  0   1   1    -2.61027e-02 
	  1   0   1    -4.42787e-02 
	  2   1   1    3.65822e-02 
	  2   0   0    -2.08085e-02 
	  1   1   0    -8.79224e-03 
	  0   2   0    -1.24324e-02 
	  0   3   0    1.85077e-02 
	  0   1   2    2.74210e-02 
	  0   0   1    9.62188e-04 
	  2   1   0    3.15611e-02 
	  0   3   1    -2.99094e-02 
	  0   2   1    1.11906e-02 
subscap9
parameters 20
# exponents ... coefficient
	  0   0   0    1.13364e-01 
	  0   1   0    -3.58613e-02 
	  1   0   0    3.09698e-02 
	  3   0   1    -2.72069e-02 
	  0   1   1    -2.90292e-02 
	  0   0   1    2.02999e-03 
	  1   1   0    -1.08929e-02 
	  0   1   2    2.84212e-02 
	  1   0   1    -3.60677e-02 
	  0   3   0    1.66726e-02 
	  0   0   2    1.74633e-02 
	  0   2   0    -8.68400e-03 
	  1   3   0    -3.25346e-02 
	  3   0   0    -1.02353e-02 
	  0   0   3    -1.11046e-02 
	  1   2   0    2.93455e-03 
	  0   4   0    7.27655e-03 
	  2   2   0    3.99539e-02 
	  2   0   0    -5.76400e-03 
	  3   1   0    1.57731e-02 
subscap10
parameters 23
# exponents ... coefficient
	  0   0   0    5.78851e-02 
	  0   1   0    -2.91185e-02 
	  0   0   1    2.57763e-02 
	  1   0   0    2.99655e-02 
	  1   1   0    -2.39375e-02 
	  2   0   1    1.98892e-02 
	  0   3   0    1.55876e-02 
	  0   1   2    1.40536e-03 
	  0   2   0    -9.96007e-03 
	  1   3   0    -2.88757e-02 
	  1   1   2    -1.09062e-01 
	  0   0   2    1.58227e-02 
	  1   0   1    -3.09032e-02 
	  2   2   0    5.99813e-02 
	  1   2   0    -2.01714e-02 
	  0   4   0    9.77115e-03 
	  0   1   1    1.59711e-02 
	  0   3   1    -2.39094e-02 
	  0   2   2    4.60594e-02 
	  3   0   1    -4.13736e-02 
	  1   2   1    4.57654e-02 
	  0   2   1    -7.64582e-03 
	  3   0   0    -4.86255e-03 
subscap11
parameters 26
# exponents ... coefficient
	  0   0   1    3.99139e-02 
	  0   0   0    3.85902e-02 
	  0   1   0    -2.49038e-02 
	  1   0   0    2.97563e-02 
	  1   1   0    -4.22999e-02 
	  0   4   0    8.35655e-03 
	  0   1   1    3.91051e-02 
	  0   3   0    1.78407e-02 
	  1   3   0    -1.63328e-02 
	  1   0   1    -4.04224e-02 
	  0   3   1    -4.32501e-02 
	  1   2   0    -4.11258e-02 
	  2   2   0    2.23697e-02 
	  0   0   2    1.15687e-02 
	  0   1   3    -7.01022e-02 
	  1   2   1    9.55096e-02 
	  2   1   0    4.04909e-02 
	  2   1   1    -1.33210e-01 
	  2   0   0    9.91268e-03 
	  3   0   0    -1.50335e-02 
	  2   0   1    -3.91067e-04 
	  0   2   1    -1.71901e-02 
	  0   2   2    4.07578e-02 
	  1   1   1    1.78481e-02 
	  0   2   0    1.18305e-03 
	  2   0   2    3.29172e-02 
bicl
parameters 18
# exponents ... coefficient
	  0   0   0   0   0    3.79334e-01 
	  1   0   0   1   0    -5.87361e-03 
	  0   1   0   1   0    2.39266e-03 
	  0   0   0   0   4    -7.59037e-06 
	  1   0   1   0   0    -5.86633e-02 
	  0   0   0   3   0    1.40738e-01 
	  0   1   0   0   0    -2.49214e-02 
	  2   0   0   2   0    1.22467e-02 
	  0   1   3   0   0    2.08738e-01 
	  0   0   1   0   0    -2.07742e-02 
	  0   0   4   0   0    9.75841e-02 
	  0   0   0   3   1    -5.95258e-02 
	  0   3   1   0   0    8.93331e-02 
	  0   2   0   1   0    -1.43330e-02 
	  1   0   0   0   0    -2.75011e-02 
	  4   0   0   0   0    9.73178e-02 
	  0   0   0   2   0    -8.31553e-02 
	  0   0   0   2   2    1.14044e-02 
bicb1
parameters 22
# exponents ... coefficient
	  0   0   0   0   0    3.53201e-01 
	  1   0   0   1   0    1.46251e-04 
	  0   0   0   0   4    3.14301e-05 
	  1   1   1   0   0    -1.99946e-02 
	  1   0   0   0   0    -7.51266e-02 
	  0   0   0   2   0    -7.31301e-03 
	  0   1   1   0   0    -7.48761e-02 
	  0   0   1   0   0    2.05948e-02 
	  0   0   0   3   1    -2.98531e-03 
	  0   0   2   0   0    -2.85858e-02 
	  0   1   1   0   2    9.71063e-04 
	  1   2   0   0   0    4.93689e-02 
	  1   1   0   0   0    -2.53068e-02 
	  2   0   0   0   1    -9.25791e-03 
	  2   0   1   0   1    1.93439e-02 
	  0   0   0   1   3    5.17130e-04 
	  0   0   0   1   0    -1.67234e-02 
	  0   1   0   0   3    1.49842e-04 
	  0   1   0   0   0    -2.43839e-03 
	  0   2   0   1   0    8.93775e-03 
	  0   2   1   0   1    -8.11189e-03 
	  0   1   0   1   0    -3.79626e-03 
triclong1
parameters 33
# exponents ... coefficient
	  0   0   0   0    2.89127e-01 
	  0   0   1   1    -3.37629e-04 
	  1   0   1   0    -8.21093e-03 
	  1   0   2   1    3.66598e-03 
	  0   2   0   2    4.87560e-04 
	  0   0   1   0    7.34671e-02 
	  0   0   0   1    1.57812e-02 
	  1   0   0   0    4.56182e-02 
	  1   3   0   0    1.57349e-03 
	  0   1   0   0    5.49611e-03 
	  1   1   0   0    -7.54080e-02 
	  0   1   1   0    5.19110e-02 
	  0   2   1   0    -4.30212e-02 
	  2   0   0   0    4.64176e-02 
	  3   0   1   0    -3.16426e-03 
	  0   2   0   0    5.82598e-03 
	  0   0   0   2    1.00314e-02 
	  0   3   0   0    -4.05666e-03 
	  1   2   0   0    -2.12762e-02 
	  0   1   0   1    3.48729e-03 
	  1   0   3   0    -2.16439e-02 
	  0   0   2   0    3.31684e-02 
	  0   0   3   0    -4.28314e-02 
	  2   1   0   0    1.24891e-03 
	  0   1   2   0    -1.25989e-02 
	  0   1   0   3    -2.48528e-03 
	  0   4   0   0    -1.73780e-03 
	  0   0   0   3    -4.10072e-03 
	  3   0   0   0    -2.79079e-02 
	  2   0   1   0    -5.22778e-02 
	  1   1   1   0    2.37154e-02 
	  1   1   2   0    -3.03814e-02 
	  3   1   0   0    1.18296e-02 
triclong2
parameters 34
# exponents ... coefficient
	  0   0   0   0    2.90530e-01 
	  0   0   1   1    -4.34559e-04 
	  2   0   1   0    -3.58005e-02 
	  1   1   0   0    -5.60193e-02 
	  0   0   1   0    5.58851e-02 
	  0   0   0   1    1.67476e-02 
	  0   1   0   0    4.09143e-03 
	  2   0   0   0    4.19091e-02 
	  1   0   0   0    1.00920e-02 
	  0   2   1   0    -3.09754e-02 
	  0   1   1   0    1.73068e-02 
	  0   0   2   2    6.79030e-04 
	  0   3   0   0    -2.42203e-03 
	  0   2   0   0    2.19626e-03 
	  0   0   2   0    3.56251e-02 
	  0   0   3   1    1.81827e-03 
	  3   0   1   0    -1.43364e-02 
	  0   1   0   1    3.66687e-03 
	  0   0   0   2    9.67345e-03 
	  0   0   3   0    -3.85971e-02 
	  1   2   0   0    -4.35159e-03 
	  0   4   0   0    -1.35777e-03 
	  3   1   0   0    4.44101e-03 
	  0   0   0   3    -4.29636e-03 
	  1   0   1   0    1.94299e-03 
	  0   1   0   2    -2.34535e-03 
	  2   2   0   0    -1.44847e-02 
	  1   2   1   0    1.10989e-02 
	  3   0   0   0    -5.59240e-03 
	  0   3   1   0    -3.14829e-03 
	  0   1   2   0    -6.06536e-03 
	  1   1   1   0    7.02477e-03 
	  0   3   0   1    -1.02485e-03 
	  1   0   0   1    -4.44206e-04 
triclong3
parameters 36
# exponents ... coefficient
	  0   0   0   0    2.92770e-01 
	  0   0   1   1    -1.00034e-03 
	  1   0   1   0    1.16300e-04 
	  1   0   2   1    1.49498e-03 
	  0   0   0   1    1.63533e-02 
	  0   0   1   0    5.21006e-02 
	  1   0   0   0    3.05085e-02 
	  1   3   0   0    1.68817e-04 
	  0   1   0   0    3.84337e-03 
	  1   1   0   0    -5.23992e-02 
	  0   1   1   0    3.68672e-02 
	  0   2   1   0    -3.10885e-02 
	  2   0   0   0    3.50077e-02 
	  0   2   0   0    4.02679e-03 
	  3   0   1   0    -1.48767e-02 
	  0   0   0   2    9.67065e-03 
	  0   3   0   0    -2.68801e-03 
	  1   2   0   0    -1.56309e-02 
	  0   0   2   1    1.23056e-03 
	  0   0   3   1    7.34104e-04 
	  0   1   0   1    2.47039e-03 
	  0   4   0   0    -1.19499e-03 
	  0   1   0   3    -1.78156e-03 
	  0   1   2   0    -1.01982e-02 
	  2   1   0   0    3.74582e-03 
	  0   0   2   0    2.87933e-02 
	  0   0   3   0    -3.06983e-02 
	  2   0   1   0    -2.41265e-02 
	  3   0   0   0    -1.80716e-02 
	  0   0   0   3    -4.00339e-03 
	  2   2   0   0    -1.27744e-02 
	  1   2   1   0    1.33602e-02 
	  1   0   2   0    -2.09266e-02 
	  0   3   1   0    -2.65925e-03 
	  0   2   1   1    3.65507e-03 
	  1   1   1   0    4.37129e-03 
triclong4
parameters 34
# exponents ... coefficient
	  0   0   0   0    2.90530e-01 
	  0   0   1   1    -4.34559e-04 
	  2   0   1   0    -3.58005e-02 
	  1   1   0   0    -5.60193e-02 
	  0   0   1   0    5.58851e-02 
	  0   0   0   1    1.67476e-02 
	  0   1   0   0    4.09143e-03 
	  2   0   0   0    4.19091e-02 
	  1   0   0   0    1.00920e-02 
	  0   2   1   0    -3.09754e-02 
	  0   1   1   0    1.73068e-02 
	  0   0   2   2    6.79030e-04 
	  0   3   0   0    -2.42203e-03 
	  0   2   0   0    2.19626e-03 
	  0   0   2   0    3.56251e-02 
	  0   0   3   1    1.81827e-03 
	  3   0   1   0    -1.43364e-02 
	  0   1   0   1    3.66687e-03 
	  0   0   0   2    9.67345e-03 
	  0   0   3   0    -3.85971e-02 
	  1   2   0   0    -4.35159e-03 
	  0   4   0   0    -1.35777e-03 
	  3   1   0   0    4.44101e-03 
	  0   0   0   3    -4.29636e-03 
	  1   0   1   0    1.94299e-03 
	  0   1   0   2    -2.34535e-03 
	  2   2   0   0    -1.44847e-02 
	  1   2   1   0    1.10989e-02 
	  3   0   0   0    -5.59240e-03 
	  0   3   1   0    -3.14829e-03 
	  0   1   2   0    -6.06536e-03 
	  1   1   1   0    7.02477e-03 
	  0   3   0   1    -1.02485e-03 
	  1   0   0   1    -4.44206e-04 
latdorsi1
parameters 19
# exponents ... coefficient
	  0   2   0   0   1   0   0   0   0    -7.72390e-03 
	  0   0   0   0   0   0   0   0   0    2.61601e-01 
	  0   0   0   0   0   0   0   1   0    -3.39162e-02 
	  0   0   0   0   0   0   0   0   1    7.46701e-02 
	  0   0   0   0   0   1   0   0   0    1.15010e-01 
	  0   1   0   1   0   0   0   0   0    -8.12003e-02 
	  1   0   0   0   0   0   0   0   0    1.25782e-01 
	  0   0   0   0   1   0   1   0   2    -3.64664e-01 
	  0   0   1   0   0   0   0   0   0    2.02260e-01 
	  0   1   0   0   0   0   0   0   0    2.62055e-01 
	  1   0   1   0   0   0   0   0   0    -2.87949e-01 
	  0   0   0   0   3   0   0   0   0    -5.79372e-02 
	  0   0   0   1   0   0   0   0   0    1.29269e-01 
	  0   0   0   0   0   0   1   3   0    -1.64609e-01 
	  0   0   0   1   1   0   0   0   0    -9.04495e-02 
	  0   0   0   1   0   2   1   0   0    -6.95625e-01 
	  1   1   0   0   0   1   1   0   0    1.08991e+00 
	  0   0   0   0   0   2   0   0   1    -2.02114e-01 
	  0   0   1   0   1   0   0   0   0    -1.42068e-01 
latdorsi2
parameters 20
# exponents ... coefficient
	  0   0   0   0   0   0   0   0   1    9.93381e-02 
	  0   2   0   0   1   0   0   0   0    -1.20232e-01 
	  0   0   0   0   0   0   0   0   0    2.73771e-01 
	  0   0   0   0   0   0   0   1   0    -2.63006e-02 
	  0   1   0   1   0   0   0   0   0    -1.22539e-01 
	  0   0   0   0   0   1   0   0   0    1.13448e-01 
	  1   0   0   0   0   0   0   0   0    1.20872e-01 
	  0   0   1   0   0   0   0   0   0    2.32798e-01 
	  0   1   0   0   0   0   0   0   0    2.30073e-01 
	  0   0   0   0   2   0   0   0   1    -8.51664e-02 
	  0   0   0   1   0   0   0   0   0    9.83308e-02 
	  1   0   1   0   0   0   0   0   0    -2.59126e-01 
	  0   0   0   0   1   0   1   1   0    -1.01252e-01 
	  0   0   0   0   0   0   1   0   0    3.89996e-02 
	  0   0   0   0   1   0   2   0   1    -3.46467e-01 
	  0   0   0   0   0   0   1   2   0    -7.13417e-02 
	  0   0   0   0   0   2   1   0   1    -3.96294e-01 
	  0   0   1   0   2   0   1   0   0    -5.85417e-01 
	  0   0   0   0   1   1   1   0   0    -2.02821e-01 
	  0   1   0   0   0   0   2   0   0    -1.58759e-01 
latdorsi3
parameters 16
# exponents ... coefficient
	  0   0   0   0   0   0   0   0   1    8.08348e-02 
	  0   0   0   0   0   0   0   0   0    3.08265e-01 
	  0   1   0   0   1   0   0   1   0    1.58643e-02 
	  0   1   0   1   0   0   0   0   0    -1.47134e-01 
	  0   0   1   0   0   0   0   0   0    2.46610e-01 
	  0   2   0   0   1   0   0   0   0    -1.57395e-02 
	  0   0   0   0   0   1   0   0   0    8.34925e-02 
	  1   0   0   0   0   0   0   0   0    1.08784e-01 
	  0   0   0   0   0   0   0   1   0    -2.48883e-02 
	  0   0   0   0   0   0   1   0   0    3.64903e-02 
	  0   0   0   0   2   0   1   0   1    -2.30352e-01 
	  0   1   0   0   0   0   0   0   0    2.17296e-01 
	  0   0   0   1   0   0   0   0   0    9.62330e-02 
	  0   0   0   0   0   0   1   1   0    -5.48110e-02 
	  1   0   1   0   0   0   0   0   0    -2.47961e-01 
	  0   0   0   0   3   0   0   0   0    -3.98954e-02 
latdorsi4
parameters 14
# exponents ... coefficient
	  0   0   0   0   0   0   0   0   0    3.32960e-01 
	  0   0   0   0   0   0   0   0   1    5.87969e-02 
	  0   1   0   1   0   0   0   0   0    -1.28836e-01 
	  0   0   0   0   1   0   0   1   0    -5.33034e-02 
	  0   0   1   0   0   0   0   0   0    2.68181e-01 
	  0   2   0   0   1   0   0   0   0    -1.14759e-01 
	  0   0   0   0   0   1   0   0   0    6.89791e-02 
	  1   0   0   0   0   0   0   0   0    7.92604e-02 
	  0   0   0   0   0   0   1   0   0    4.63823e-02 
	  0   0   0   0   0   0   1   1   0    -4.92117e-02 
	  0   0   0   0   3   0   1   0   0    -1.63060e-01 
	  0   1   0   0   0   0   0   0   0    1.44212e-01 
	  0   0   0   1   0   0   0   0   0    8.79578e-02 
	  1   1   1   0   0   0   0   0   0    7.71558e-01 
latdorsi5
parameters 13
# exponents ... coefficient
	  0   0   0   0   0   0   0   0   1    5.59071e-02 
	  0   1   0   1   0   0   0   0   0    1.23388e-02 
	  0   0   0   0   0   0   0   0   0    2.61887e-01 
	  0   0   1   0   0   0   0   0   0    2.65195e-01 
	  0   0   0   0   1   0   0   1   0    -4.39468e-02 
	  0   2   0   0   1   0   0   0   0    -2.58574e-01 
	  0   0   0   0   0   0   1   0   0    4.53285e-02 
	  0   0   0   0   0   1   0   0   0    5.63170e-02 
	  1   0   0   0   0   0   0   0   0    1.34855e-01 
	  0   0   0   0   0   0   1   1   0    -5.13011e-02 
	  0   0   0   1   0   0   0   0   0    1.11387e-01 
	  1   1   0   0   0   0   0   0   0    3.67350e-01 
	  0   0   0   0   3   0   1   0   0    -9.79906e-02 
latdorsi6
parameters 13
# exponents ... coefficient
	  0   0   0   0   0   0   0   0   1    7.27664e-02 
	  0   0   1   0   0   0   0   0   0    2.77848e-01 
	  0   1   0   1   0   0   0   0   0    3.75122e-02 
	  0   0   0   0   1   0   0   1   1    -1.35039e-01 
	  0   0   0   0   0   0   0   0   0    2.39093e-01 
	  0   0   0   0   0   0   2   0   0    1.24802e-01 
	  0   0   0   0   0   1   0   0   0    6.18030e-02 
	  0   1   0   0   1   0   0   0   0    9.43822e-02 
	  1   0   0   0   0   0   0   0   0    1.39797e-01 
	  0   0   0   0   0   0   0   1   0    -1.67720e-02 
	  0   0   0   1   0   0   0   0   0    1.18335e-01 
	  1   1   0   0   0   0   0   0   0    3.82365e-01 
	  0   0   0   0   2   0   2   0   0    -2.08765e-01 
pectmajt1
parameters 10
# exponents ... coefficient
	  0   0   1   0   0   0   0   0   0    2.83041e-01 
	  0   0   0   0   1   0   1   1   0    -1.70132e-01 
	  0   1   0   0   0   1   0   0   0    -9.04872e-01 
	  0   0   0   0   0   0   0   0   1    9.70751e-02 
	  0   0   0   0   3   0   1   0   0    -1.68501e-01 
	  0   0   0   0   0   0   0   0   0    1.47165e-01 
	  0   0   0   0   0   0   0   1   1    -1.72299e-01 
	  0   0   0   0   2   0   2   0   0    6.40126e-01 
	  0   2   0   0   1   1   0   0   0    -2.43306e+00 
	  0   0   0   0   2   0   1   0   0    -3.90733e-01 
pectmajt2
parameters 16
# exponents ... coefficient
	  0   0   1   0   0   0   0   0   0    2.52577e-01 
	  0   1   0   0   0   1   0   0   0    -6.26716e-01 
	  0   0   0   0   1   0   1   1   0    -2.09608e-01 
	  0   0   0   0   0   0   0   0   1    9.01562e-02 
	  0   0   0   0   3   0   1   0   0    -7.17351e-01 
	  0   0   0   0   0   0   0   0   0    1.66039e-01 
	  0   0   0   0   0   0   0   1   1    -1.23939e-01 
	  0   2   0   0   1   1   0   0   0    -8.48537e-01 
	  1   0   0   0   1   0   2   0   0    1.43586e-02 
	  0   0   0   1   0   0   1   0   0    3.71994e-01 
	  0   0   0   1   0   0   0   0   0    -8.85032e-02 
	  1   0   0   0   1   0   1   0   0    6.63945e-01 
	  0   1   0   0   0   2   1   0   0    1.92981e+00 
	  1   0   0   0   0   0   0   0   0    -4.94667e-02 
	  0   0   0   0   0   0   0   1   0    -2.42476e-02 
	  0   0   0   0   0   1   0   0   0    5.89918e-02 
pectmajt3
parameters 23
# exponents ... coefficient
	  0   0   1   0   0   0   0   0   0    2.51098e-01 
	  0   1   0   0   0   1   0   0   0    -7.80560e-02 
	  0   0   0   0   1   0   1   1   0    -1.68713e-01 
	  0   0   0   0   0   0   0   0   0    1.91999e-01 
	  0   0   0   0   2   0   1   0   0    -5.27029e-01 
	  0   0   0   0   0   0   0   0   1    8.86549e-02 
	  0   0   0   0   1   0   0   1   1    -2.61828e-01 
	  0   0   0   0   0   1   0   0   0    1.97087e-01 
	  1   0   0   0   1   0   2   0   0    -5.89135e-01 
	  0   0   0   1   0   0   3   0   0    -4.97609e-01 
	  0   0   0   1   1   0   0   0   0    -2.18960e-01 
	  0   0   0   0   2   2   0   0   0    -4.18167e-01 
	  0   0   0   1   2   0   1   0   0    7.47801e-01 
	  0   0   0   0   0   0   0   1   0    -2.96617e-02 
	  1   2   0   0   0   0   0   0   0    -1.16849e-01 
	  0   1   0   0   0   0   0   0   0    -5.36248e-02 
	  1   0   0   0   1   0   1   0   0    8.14272e-01 
	  0   0   0   0   1   0   0   0   0    -5.30969e-02 
	  0   0   0   1   0   0   1   0   0    2.52294e-01 
	  0   0   0   0   0   1   1   0   0    -1.64521e-01 
	  1   1   0   0   0   0   0   0   0    1.48071e-01 
	  0   0   1   0   1   0   1   0   0    -2.88293e-01 
	  0   0   0   0   2   0   2   0   0    3.45839e-01 
pectmajt4
parameters 14
# exponents ... coefficient
	  0   0   1   0   0   0   0   0   0    1.96626e-01 
	  0   0   0   0   0   0   0   0   0    1.82014e-01 
	  0   0   0   0   1   0   1   1   0    -1.51577e-01 
	  0   1   0   0   0   1   0   0   0    -3.14019e-01 
	  0   0   0   0   2   0   1   0   0    -4.92932e-01 
	  0   0   0   0   0   0   0   0   1    6.99658e-02 
	  0   0   0   0   1   0   0   1   1    -2.48566e-01 
	  0   0   0   0   0   1   0   0   0    1.02136e-01 
	  1   0   0   0   1   0   2   0   0    1.03815e+00 
	  0   0   0   1   1   0   0   0   0    -1.49447e-01 
	  0   0   0   1   1   0   2   0   0    1.05050e+00 
	  0   0   0   0   2   2   0   0   0    -5.68409e-01 
	  0   0   0   0   0   0   0   1   0    -2.76760e-02 
	  1   0   0   0   0   0   0   0   0    -2.67549e-02 
pectmajt5
parameters 18
# exponents ... coefficient
	  0   0   1   0   0   0   0   0   0    9.97028e-02 
	  0   0   0   0   0   0   0   0   0    1.78315e-01 
	  0   0   0   0   2   0   1   0   0    -3.95774e-01 
	  0   0   0   0   0   1   0   0   0    1.33888e-01 
	  0   0   0   0   1   0   0   1   0    -5.25675e-02 
	  0   0   0   1   1   0   0   0   0    -1.90158e-01 
	  0   1   0   0   0   0   0   0   1    -7.33664e-02 
	  0   0   0   0   0   0   1   1   0    -8.48848e-02 
	  1   2   0   0   0   0   0   0   0    -1.48492e-01 
	  1   0   0   0   2   0   1   0   0    5.11637e-01 
	  0   0   0   1   2   0   1   0   0    5.34066e-01 
	  0   0   0   0   2   2   0   0   0    -5.42034e-01 
	  0   0   0   0   1   0   0   1   1    -1.61735e-01 
	  1   0   0   0   2   0   0   0   0    -7.27133e-02 
	  0   2   0   0   0   0   0   0   2    -2.71819e-01 
	  0   1   0   0   0   1   0   0   0    -7.83374e-02 
	  0   0   0   0   0   0   0   0   1    2.68744e-02 
	  0   1   0   0   0   0   0   0   0    -1.84191e-02 
pectmajt6
parameters 16
# exponents ... coefficient
	  0   0   1   0   0   0   0   0   0    6.21127e-02 
	  0   0   0   0   2   0   1   0   0    -3.80221e-01 
	  0   0   0   0   0   0   0   0   0    1.82478e-01 
	  0   0   0   0   0   1   0   0   0    1.47088e-01 
	  0   0   0   1   1   0   0   0   0    -1.95244e-01 
	  0   0   0   0   1   0   0   1   0    -5.33096e-02 
	  0   1   0   0   0   1   0   0   0    -1.04367e-01 
	  1   0   0   0   1   0   1   0   1    4.31704e-01 
	  0   0   0   0   0   0   1   1   0    -1.02853e-01 
	  0   0   0   0   0   0   0   0   1    6.32966e-02 
	  0   0   0   0   2   2   0   0   0    -5.01620e-01 
	  0   0   0   0   1   0   0   0   2    -1.37660e-01 
	  0   0   0   0   0   0   0   1   1    -7.44190e-02 
	  0   0   0   1   1   0   1   0   1    7.73717e-01 
	  1   0   0   0   0   0   0   0   0    -8.58399e-03 
	  0   0   0   0   0   1   1   0   1    -3.31581e-01 
pectmajc1
parameters 7
# exponents ... coefficient
	  0   2   0   1   0   0    -4.26787e-01 
	  0   0   0   0   0   0    1.81289e-01 
	  0   0   1   0   0   0    1.32469e-01 
	  1   1   0   0   0   0    -1.70727e-01 
	  0   0   0   1   1   1    -3.86128e-01 
	  0   1   0   0   1   0    -6.54061e-02 
	  0   0   2   1   0   0    -4.90916e-01 
pectmajc2
parameters 9
# exponents ... coefficient
	  0   2   0   1   0   0    -3.08894e-01 
	  0   0   0   0   0   0    1.37180e-01 
	  0   0   1   0   0   0    1.06910e-01 
	  1   1   0   0   0   0    -1.39720e-01 
	  0   0   0   1   1   1    -2.63909e-01 
	  0   1   0   0   1   0    -5.61183e-02 
	  0   0   2   1   0   1    -1.08247e+00 
	  1   0   0   1   0   2    2.91873e-01 
	  3   0   0   0   0   1    -1.43753e-01 
tricmed1
parameters 4
# exponents ... coefficient
	  0    1.45386e-01 
	  1    2.55446e-02 
	  2    -9.54447e-03 
	  3    4.53111e-03 
tricmed2
parameters 4
# exponents ... coefficient
	  0    1.68972e-01 
	  1    2.56186e-02 
	  2    -7.25761e-03 
	  4    2.61655e-03 
tricmed3
parameters 4
# exponents ... coefficient
	  0    5.53802e-02 
	  1    2.11972e-02 
	  2    -5.47134e-03 
	  3    2.71465e-03 
tricmed4
parameters 4
# exponents ... coefficient
	  0    9.28250e-02 
	  1    2.51691e-02 
	  2    -6.51305e-03 
	  4    1.90782e-03 
tricmed5
parameters 4
# exponents ... coefficient
	  0    1.35994e-01 
	  1    2.56543e-02 
	  2    -7.10922e-03 
	  4    2.41766e-03 
brachialis1
parameters 4
# exponents ... coefficient
	  0    1.88249e-01 
	  2    1.13815e-02 
	  1    -1.08533e-02 
	  3    -1.77392e-02 
brachialis2
parameters 4
# exponents ... coefficient
	  0    1.80489e-01 
	  1    -1.06969e-02 
	  4    -8.23315e-03 
	  3    1.83175e-03 
brachialis3
parameters 4
# exponents ... coefficient
	  0    1.46204e-01 
	  1    -9.66987e-03 
	  2    -3.77077e-03 
	  3    -6.29564e-04 
brachialis4
parameters 4
# exponents ... coefficient
	  0    1.42636e-01 
	  2    1.53101e-03 
	  1    -9.69428e-03 
	  4    -8.62516e-03 
brachialis5
parameters 4
# exponents ... coefficient
	  0    1.10102e-01 
	  1    -8.77674e-03 
	  2    -3.05569e-03 
	  3    -8.50360e-04 
brachialis6
parameters 4
# exponents ... coefficient
	  0    9.77104e-02 
	  1    -8.68302e-03 
	  2    -3.28828e-03 
	  3    -6.18296e-04 
brachialis7
parameters 3
# exponents ... coefficient
	  0    9.50344e-02 
	  1    -8.61071e-03 
	  3    -3.00728e-03 
brachiorad1
parameters 10
# exponents ... coefficient
	  0   0    3.26739e-01 
	  2   0    -3.15201e-02 
	  2   2    2.83613e-04 
	  1   3    -3.01614e-04 
	  1   1    -1.32388e-02 
	  1   2    5.26781e-03 
	  0   4    -1.97307e-05 
	  1   0    2.88701e-03 
	  4   0    3.16756e-03 
	  3   1    -1.51602e-03 
brachiorad2
parameters 7
# exponents ... coefficient
	  0   0    3.15615e-01 
	  2   0    1.31057e-01 
	  2   2    2.53878e-03 
	  2   1    -6.92387e-03 
	  1   0    -5.00549e-02 
	  3   0    -2.00774e-01 
	  4   0    9.65785e-02 
brachiorad3
parameters 10
# exponents ... coefficient
	  0   0    2.98046e-01 
	  1   0    -1.78779e-02 
	  1   3    -6.57531e-04 
	  2   1    -3.05158e-02 
	  1   2    4.54314e-03 
	  0   4    7.18177e-05 
	  4   0    -9.16230e-02 
	  3   1    2.89337e-02 
	  3   0    6.72796e-02 
	  0   3    -2.60127e-04 
pronteres1
parameters 14
# exponents ... coefficient
	  0   0    1.46238e-01 
	  1   3    1.73683e-04 
	  0   1    1.24371e-02 
	  2   0    -6.11663e-03 
	  1   0    3.94016e-03 
	  0   2    -7.92634e-03 
	  0   4    1.25401e-04 
	  1   1    -4.69810e-03 
	  4   0    3.71878e-04 
	  2   2    -2.25134e-04 
	  0   3    4.81094e-04 
	  3   0    2.81121e-04 
	  1   2    4.93478e-04 
	  2   1    4.65250e-04 
pronteres2
parameters 4
# exponents ... coefficient
	  0    8.18043e-02 
	  1    8.16368e-04 
	  4    1.82347e-04 
	  2    -3.91914e-03 
supinator1
parameters 4
# exponents ... coefficient
	  0    2.08225e-02 
	  1    1.43401e-02 
	  2    -3.01659e-03 
	  4    4.71523e-05 
supinator2
parameters 4
# exponents ... coefficient
	  0    1.85098e-02 
	  1    1.32175e-02 
	  2    -2.68323e-03 
	  4    3.63249e-05 
supinator3
parameters 4
# exponents ... coefficient
	  0    1.65056e-02 
	  1    1.13976e-02 
	  2    -2.10436e-03 
	  4    1.85105e-05 
supinator4
parameters 4
# exponents ... coefficient
	  0    1.56163e-02 
	  1    1.05854e-02 
	  2    -1.96421e-03 
	  4    1.48952e-05 
supinator5
parameters 4
# exponents ... coefficient
	  0    1.61100e-02 
	  1    9.82087e-03 
	  2    -1.86115e-03 
	  4    1.29664e-05 
pronquad1
parameters 4
# exponents ... coefficient
	  0    3.89683e-02 
	  1    -5.11884e-03 
	  4    9.52118e-05 
	  2    -5.36450e-04 
pronquad2
parameters 4
# exponents ... coefficient
	  0    3.58244e-02 
	  4    -1.26461e-04 
	  1    -1.21330e-02 
	  3    1.19204e-03 
pronquad3
parameters 4
# exponents ... coefficient
	  1    -2.85459e-02 
	  0    4.24288e-02 
	  2    8.98230e-03 
	  4    -1.64995e-04 
triclat1
parameters 4
# exponents ... coefficient
	  0    2.22438e-01 
	  1    1.88101e-02 
	  2    6.60626e-03 
	  3    -3.87054e-03 
triclat2
parameters 4
# exponents ... coefficient
	  0    2.24658e-01 
	  1    2.05409e-02 
	  2    5.09849e-03 
	  3    -3.81316e-03 
triclat3
parameters 4
# exponents ... coefficient
	  0    2.29715e-01 
	  1    2.07493e-02 
	  2    -1.42722e-03 
	  4    9.75074e-05 
triclat4
parameters 4
# exponents ... coefficient
	  0    1.89983e-01 
	  1    2.06940e-02 
	  2    -1.55961e-03 
	  4    2.15376e-04 
triclat5
parameters 4
# exponents ... coefficient
	  0    1.85859e-01 
	  1    1.82310e-02 
	  4    -1.83703e-03 
	  2    1.99763e-03 
anconeus1
parameters 4
# exponents ... coefficient
	  0    1.60050e-02 
	  1    5.43702e-03 
	  2    4.76502e-03 
	  3    -2.21332e-03 
anconeus2
parameters 4
# exponents ... coefficient
	  0    1.60983e-02 
	  2    8.77639e-03 
	  1    1.75176e-03 
	  3    -3.15945e-03 
anconeus3
parameters 4
# exponents ... coefficient
	  0    1.74684e-02 
	  1    9.66075e-03 
	  4    -5.22581e-04 
	  3    -2.51161e-04 
anconeus4
parameters 4
# exponents ... coefficient
	  0    4.76394e-02 
	  2    5.39400e-03 
	  1    -1.29611e-03 
	  4    -4.90792e-04 
anconeus5
parameters 4
# exponents ... coefficient
	  0    3.16769e-02 
	  2    6.70378e-03 
	  1    -8.51587e-04 
	  4    -9.05871e-04 
