trapscap1
parameters 12
# exponents ... coefficient
	  0   0   0   0   0   0    2.00086e-01 
	  1   0   0   0   0   0    9.81387e-02 
	  0   0   0   1   0   0    2.46243e-02 
	  0   1   0   0   0   0    -3.86833e-02 
	  0   0   1   0   0   0    1.16104e-02 
	  0   0   0   1   0   1    6.91786e-03 
	  0   0   0   0   2   0    2.03705e-02 
	  0   0   0   0   1   0    7.34347e-03 
	  0   0   0   1   2   0    -1.30905e-02 
	  2   1   0   1   0   0    -2.99545e-02 
	  1   0   0   0   0   1    -6.00887e-03 
	  0   1   1   2   0   0    4.69389e-03 
trapscap2
parameters 13
# exponents ... coefficient
	  0   0   0   0   0   0    1.76477e-01 
	  1   0   0   0   0   0    1.00388e-01 
	  0   0   1   1   0   0    1.78270e-02 
	  0   1   0   0   0   0    -3.51400e-02 
	  0   0   0   0   0   1    1.21974e-02 
	  0   0   0   1   0   0    3.95539e-02 
	  0   0   0   1   1   0    1.46099e-02 
	  0   0   0   0   2   0    3.93735e-02 
	  0   0   1   0   0   0    7.14392e-03 
	  0   0   0   1   2   0    -2.72830e-02 
	  2   1   0   0   0   0    -3.61416e-02 
	  1   0   0   2   0   1    -7.00857e-03 
	  0   0   1   3   0   0    -3.49751e-03 
trapscap3
parameters 13
# exponents ... coefficient
	  0   0   0   0   0   0    1.41437e-01 
	  1   0   0   0   0   0    1.00201e-01 
	  0   0   1   2   0   0    -1.93437e-02 
	  1   1   0   0   0   0    5.03177e-02 
	  0   0   0   0   0   1    1.01365e-02 
	  0   0   0   2   1   0    -1.23645e-02 
	  0   0   0   1   0   0    5.21896e-02 
	  0   0   1   1   0   0    5.23472e-02 
	  0   0   0   0   2   0    5.34984e-02 
	  0   0   0   1   1   0    4.02495e-02 
	  0   0   0   1   2   0    -3.66005e-02 
	  0   1   0   1   0   0    -1.62719e-02 
	  1   0   0   1   0   1    -1.17667e-02 
trapscap4
parameters 14
# exponents ... coefficient
	  0   0   0   1   0   0    7.04060e-02 
	  1   0   0   2   0   0    1.07002e-02 
	  0   0   1   0   0   0    2.56913e-02 
	  1   1   0   1   0   0    4.26577e-02 
	  1   0   0   1   0   1    -1.23036e-02 
	  0   0   0   0   1   0    2.36322e-02 
	  0   0   0   0   0   0    1.18071e-01 
	  1   0   0   0   0   0    1.03301e-01 
	  0   0   0   0   2   0    6.13382e-02 
	  0   0   0   1   2   0    -4.10219e-02 
	  0   0   0   0   0   1    9.76616e-03 
	  0   1   0   0   0   0    -1.74485e-02 
	  1   0   1   1   0   0    -2.56845e-02 
	  1   0   0   1   1   0    -2.14135e-02 
trapscap5
parameters 14
# exponents ... coefficient
	  0   0   0   1   0   0    6.60247e-02 
	  1   0   0   1   0   0    4.14990e-03 
	  0   0   1   0   0   0    1.55941e-02 
	  0   0   0   1   0   1    1.01940e-02 
	  1   1   0   1   0   0    5.71283e-02 
	  0   0   0   0   1   0    1.93810e-02 
	  0   0   0   0   0   0    1.07900e-01 
	  1   0   0   0   0   0    1.03376e-01 
	  0   0   0   0   2   0    8.22170e-02 
	  0   0   0   1   2   0    -4.19239e-02 
	  0   0   1   1   0   0    8.56753e-03 
	  0   0   1   0   1   0    3.80422e-02 
	  0   0   2   0   0   0    1.58429e-02 
	  2   0   0   0   0   1    8.90586e-03 
trapscap6
parameters 21
# exponents ... coefficient
	  0   0   0   1   0   0    6.72091e-02 
	  1   0   0   1   0   0    1.52539e-03 
	  0   0   1   0   0   0    1.35601e-02 
	  0   0   0   0   0   0    1.21980e-01 
	  1   0   0   1   0   1    -6.56607e-03 
	  0   0   0   0   1   0    1.89063e-02 
	  1   0   0   0   0   0    1.23820e-01 
	  0   0   0   0   2   0    5.49342e-02 
	  2   2   0   0   0   0    4.81472e-02 
	  2   1   0   1   0   0    -6.70158e-02 
	  1   1   0   0   0   0    -3.52287e-02 
	  0   0   0   1   2   0    -2.39254e-02 
	  0   0   1   0   1   0    4.13267e-02 
	  0   0   2   0   0   0    2.46271e-02 
	  0   0   0   0   1   1    6.49939e-02 
	  0   0   1   0   0   1    2.70872e-02 
	  0   0   0   2   0   2    -1.11761e-02 
	  0   0   0   2   0   1    -9.37600e-03 
	  0   0   0   1   1   1    -1.82998e-02 
	  1   1   0   0   2   0    1.30617e-02 
	  0   0   0   0   3   1    -8.70616e-03 
trapscap7
parameters 22
# exponents ... coefficient
	  0   0   0   1   0   0    6.02619e-02 
	  1   0   0   1   0   0    1.66687e-02 
	  0   1   0   0   0   0    4.97412e-02 
	  0   0   0   0   0   0    1.22722e-01 
	  1   0   1   2   0   0    1.29247e-02 
	  0   0   0   0   2   0    3.64809e-02 
	  1   0   1   1   1   0    -4.04415e-02 
	  0   0   0   3   0   1    -1.25219e-02 
	  1   0   0   0   0   0    1.19418e-01 
	  0   0   2   2   0   0    1.23909e-02 
	  0   0   1   1   1   0    3.21813e-02 
	  1   0   0   0   1   1    -4.58956e-02 
	  0   0   1   2   0   1    1.09689e-02 
	  0   0   0   1   1   1    1.73545e-02 
	  0   0   0   2   0   2    -7.86884e-03 
	  0   1   0   2   0   0    -1.36030e-02 
	  0   0   0   0   0   1    -2.42518e-02 
	  1   0   2   1   0   0    -3.04762e-02 
	  0   0   0   1   0   1    3.23684e-02 
	  1   0   1   0   0   1    -3.32123e-02 
	  1   0   0   1   0   1    1.56015e-02 
	  2   2   0   0   0   0    6.00647e-02 
trapscap8
parameters 28
# exponents ... coefficient
	  0   0   0   1   0   0    2.81925e-02 
	  1   0   0   1   0   0    5.88083e-02 
	  0   1   0   0   0   0    6.46931e-02 
	  0   0   0   0   0   0    1.40085e-01 
	  0   0   0   0   2   0    5.18557e-02 
	  1   0   0   2   0   0    -1.87128e-02 
	  0   0   1   1   1   0    1.31804e-02 
	  0   0   2   2   0   0    -3.81411e-02 
	  0   0   1   0   0   0    -3.11817e-02 
	  0   0   0   0   1   0    -1.72844e-02 
	  1   0   0   0   0   0    9.50384e-02 
	  0   0   0   0   0   3    7.17945e-04 
	  0   0   1   2   0   1    -3.46859e-02 
	  0   0   2   1   0   0    8.53264e-02 
	  0   0   0   2   1   1    -1.36674e-02 
	  0   0   0   0   0   1    -2.30836e-02 
	  0   0   0   0   1   1    6.72500e-02 
	  0   0   1   1   0   1    7.39966e-02 
	  0   0   1   0   1   0    7.03145e-02 
	  2   1   0   0   0   1    -1.61193e-02 
	  2   2   0   0   0   0    5.12137e-02 
	  1   1   1   1   0   0    4.28418e-02 
	  0   0   0   0   2   2    -9.48742e-03 
	  0   0   0   3   1   0    -5.23689e-03 
	  2   1   0   0   0   0    4.71029e-02 
	  1   1   0   1   1   0    4.47731e-02 
	  0   0   0   2   0   2    -4.81248e-03 
	  0   0   0   2   0   0    2.27456e-02 
trapscap9
parameters 21
# exponents ... coefficient
	  0   0   0   0   0   0    1.67232e-01 
	  0   1   0   0   0   0    1.11642e-01 
	  1   0   0   0   0   0    9.11412e-02 
	  0   0   0   3   0   0    2.57913e-02 
	  0   0   0   0   0   1    -5.33862e-02 
	  0   0   1   0   0   0    -5.16649e-02 
	  0   0   1   0   2   0    1.06100e-02 
	  0   0   0   1   0   1    3.82985e-02 
	  0   0   1   1   0   0    -2.39061e-02 
	  0   0   0   0   4   0    -9.03466e-04 
	  0   0   0   0   1   0    -5.54685e-02 
	  0   0   0   1   1   0    -2.28737e-02 
	  0   0   1   0   3   0    4.42892e-03 
	  1   0   0   3   0   0    1.79055e-02 
	  0   0   2   1   0   0    5.03302e-02 
	  0   0   2   1   1   0    5.98096e-03 
	  0   0   0   0   2   0    8.34569e-02 
	  0   0   1   0   1   0    8.34484e-02 
	  0   0   1   2   1   0    2.59890e-02 
	  0   0   0   0   2   1    1.45436e-02 
	  0   1   0   0   0   1    1.66045e-02 
trapscap10
parameters 24
# exponents ... coefficient
	  0   0   0   0   0   0    1.91837e-01 
	  0   1   0   0   0   0    1.07276e-01 
	  1   0   0   0   0   0    8.98909e-02 
	  0   0   0   0   0   1    -2.58552e-02 
	  0   0   0   3   0   0    1.77040e-02 
	  0   0   1   0   0   0    -6.33013e-02 
	  0   0   0   0   1   0    -4.66848e-02 
	  0   0   0   0   2   0    6.07668e-02 
	  0   0   1   0   1   0    1.03329e-01 
	  0   0   2   0   0   0    4.44096e-02 
	  0   0   0   2   0   1    -7.95438e-03 
	  1   0   0   3   0   0    8.97782e-03 
	  0   0   2   2   0   0    8.41541e-03 
	  1   0   0   0   1   1    -8.82406e-03 
	  0   0   1   1   0   1    3.04266e-02 
	  0   0   0   0   1   1    4.25981e-02 
	  1   1   0   2   0   0    -4.24154e-02 
	  3   0   0   0   0   1    2.17616e-02 
	  1   0   1   0   0   1    -1.50173e-02 
	  1   0   1   1   0   0    1.31188e-02 
	  1   0   0   0   1   0    3.97769e-02 
	  3   0   0   0   0   0    -2.11290e-02 
	  2   0   1   0   0   0    -2.42873e-02 
	  0   0   0   0   2   2    -8.00069e-03 
trapscap11
parameters 22
# exponents ... coefficient
	  0   0   0   0   0   0    2.13422e-01 
	  0   1   0   0   0   0    6.48987e-02 
	  1   0   0   0   0   0    7.45265e-02 
	  0   0   0   0   0   1    -3.56185e-02 
	  0   0   0   3   0   0    1.72008e-02 
	  0   0   1   0   0   0    -5.87738e-02 
	  0   0   0   0   1   0    -4.48790e-02 
	  0   0   0   0   2   0    4.94508e-02 
	  0   0   1   0   1   0    8.58742e-02 
	  0   0   2   0   0   0    4.63618e-02 
	  0   0   0   2   0   1    -3.78687e-03 
	  1   0   0   3   0   0    1.03006e-02 
	  1   0   0   2   1   0    3.06925e-03 
	  0   1   0   1   0   0    6.12471e-02 
	  0   0   0   0   1   1    4.14550e-02 
	  0   0   1   0   0   1    3.79771e-02 
	  1   0   1   1   0   0    6.87754e-02 
	  3   0   0   0   0   0    -2.04373e-02 
	  1   0   0   0   1   0    3.52683e-02 
	  1   0   1   2   0   0    -3.28137e-02 
	  1   0   0   0   0   3    7.13909e-03 
	  1   1   0   0   0   0    -3.24366e-02 
trapclav1
parameters 4
# exponents ... coefficient
	  0   0   0    2.18672e-01 
	  0   1   0    -5.91268e-02 
	  1   0   0    6.32800e-02 
	  1   1   0    2.50746e-02 
trapclav2
parameters 4
# exponents ... coefficient
	  0   0   0    2.12706e-01 
	  1   0   0    8.21049e-02 
	  0   1   0    -4.45070e-02 
	  2   1   0    -2.47670e-02 
levscap1
parameters 22
# exponents ... coefficient
	  0   0   0   0   0   0    1.25936e-01 
	  0   0   1   1   0   0    2.18824e-02 
	  0   1   0   0   0   0    -7.76665e-02 
	  0   0   0   0   1   0    1.13675e-01 
	  0   0   0   0   0   1    2.67746e-02 
	  0   0   0   1   0   0    6.48042e-02 
	  1   0   0   3   0   0    1.80375e-03 
	  0   0   1   0   0   0    6.58421e-02 
	  4   0   0   0   0   0    -1.21208e-02 
	  1   0   0   1   0   0    1.43684e-02 
	  0   0   0   1   0   1    -1.42140e-02 
	  0   0   1   0   3   0    -9.64389e-03 
	  1   1   0   2   0   0    1.55203e-02 
	  0   0   0   1   1   0    -1.85616e-02 
	  3   0   0   0   0   0    -2.49509e-02 
	  0   0   2   2   0   0    -6.98638e-04 
	  0   0   1   0   1   0    -3.72773e-02 
	  1   0   0   0   2   0    6.88277e-03 
	  0   0   0   2   0   2    -6.00163e-03 
	  0   0   1   0   0   1    -5.21696e-03 
	  0   0   2   1   0   0    -1.86326e-02 
	  0   0   0   0   3   0    -1.05856e-02 
levscap2
parameters 30
# exponents ... coefficient
	  0   0   0   0   0   0    1.15356e-01 
	  0   0   1   1   0   0    3.53954e-02 
	  0   1   0   0   0   0    -7.43910e-02 
	  0   0   0   0   0   1    1.65050e-02 
	  0   0   0   1   1   0    -2.83553e-02 
	  1   0   0   0   0   0    3.41563e-02 
	  0   0   0   1   0   0    2.62631e-02 
	  2   0   0   0   0   0    2.34767e-02 
	  0   0   0   0   1   0    1.10787e-01 
	  0   0   1   0   0   0    5.06909e-02 
	  0   0   1   0   3   0    7.95068e-04 
	  0   0   0   3   0   1    -2.98673e-03 
	  0   0   2   2   0   0    -4.24209e-03 
	  0   0   1   0   1   0    -7.63347e-03 
	  2   0   0   1   0   0    9.26688e-03 
	  1   1   0   2   0   0    1.49010e-02 
	  0   1   0   2   0   1    -7.14815e-03 
	  0   0   0   0   2   1    -3.18089e-03 
	  0   0   0   2   0   0    2.25776e-02 
	  0   0   0   0   3   0    -1.85192e-02 
	  0   0   0   0   2   0    3.86093e-02 
	  0   0   1   1   2   0    -2.53134e-02 
	  0   0   2   0   1   0    -1.91545e-02 
	  2   0   0   0   2   0    -4.39613e-03 
	  0   0   1   3   0   0    -8.91719e-03 
	  0   0   0   1   2   0    -1.78119e-02 
	  0   2   0   2   0   0    -9.26629e-03 
	  2   0   0   2   0   0    -1.13020e-02 
	  0   0   3   0   0   0    -4.89193e-03 
	  0   1   0   0   1   0    4.94100e-03 
pectmin1
parameters 12
# exponents ... coefficient
	  0   0   0   0   0   0    9.02698e-02 
	  0   1   0   0   0   0    5.69283e-02 
	  1   0   0   1   0   0    2.59108e-03 
	  0   0   1   1   0   0    -3.91419e-03 
	  1   0   0   1   0   1    1.40847e-02 
	  1   0   0   0   0   0    -3.51556e-02 
	  0   0   0   2   0   2    1.32290e-02 
	  0   0   0   4   0   0    1.90861e-03 
	  1   0   1   1   0   1    -1.58538e-02 
	  0   0   1   2   1   0    -3.10865e-03 
	  0   1   1   0   0   0    1.50358e-02 
	  0   1   0   2   1   0    1.24682e-02 
pectmin2
parameters 15
# exponents ... coefficient
	  0   0   0   0   0   0    1.06634e-01 
	  0   1   0   0   0   0    8.64043e-02 
	  1   0   0   0   0   0    -3.78440e-02 
	  0   0   1   0   0   0    -6.34880e-03 
	  0   0   0   3   0   0    2.32934e-03 
	  0   0   0   0   1   0    -1.28261e-02 
	  0   1   1   0   0   0    3.27501e-02 
	  1   1   0   1   0   1    -1.50823e-02 
	  0   0   0   3   0   1    5.69626e-03 
	  0   1   0   2   0   0    -1.46943e-02 
	  0   0   0   2   0   2    1.63743e-02 
	  0   1   0   0   1   0    3.18838e-02 
	  0   0   0   1   1   1    -1.64905e-02 
	  0   0   0   0   2   0    7.55219e-03 
	  0   0   0   0   0   1    4.18262e-03 
pectmin3
parameters 14
# exponents ... coefficient
	  1   0   0   0   0   0    -3.92115e-02 
	  0   1   0   0   0   0    9.64521e-02 
	  0   0   0   0   0   0    8.06398e-02 
	  0   0   0   0   1   0    -1.12026e-02 
	  0   0   1   0   0   1    2.01116e-02 
	  0   0   0   0   1   1    5.91935e-03 
	  1   0   0   2   0   0    -1.07900e-02 
	  0   0   1   2   0   0    -7.08736e-03 
	  0   0   2   0   0   0    5.84563e-03 
	  1   0   0   1   0   2    -3.12706e-02 
	  1   1   0   2   0   0    3.40642e-02 
	  0   1   1   0   0   0    2.92255e-02 
	  0   1   0   1   1   0    2.97507e-02 
	  0   0   0   1   0   1    5.99145e-03 
pectmin4
parameters 10
# exponents ... coefficient
	  1   0   0   0   0   0    -4.76874e-02 
	  0   1   0   0   0   0    1.06405e-01 
	  0   0   0   0   0   0    9.13571e-02 
	  0   1   1   0   0   0    3.28138e-02 
	  0   1   0   0   1   0    3.51262e-02 
	  1   1   0   2   0   0    3.39209e-02 
	  0   0   0   3   0   1    2.92865e-03 
	  0   0   0   2   0   2    2.05901e-02 
	  0   0   1   1   0   1    1.92485e-02 
	  0   0   2   0   0   0    4.68214e-03 
rhomboid1
parameters 29
# exponents ... coefficient
	  0   0   0   1   0   0    2.69686e-02 
	  0   0   1   0   0   0    7.16715e-02 
	  1   1   0   0   0   0    6.21240e-02 
	  1   0   0   2   0   0    1.61325e-02 
	  0   0   0   0   1   0    1.42892e-01 
	  1   0   0   0   0   1    -6.11987e-02 
	  0   0   0   0   0   0    1.06118e-01 
	  1   0   0   0   0   0    7.14355e-02 
	  0   0   0   0   2   0    4.11060e-02 
	  1   0   0   2   0   1    -3.59545e-02 
	  0   0   0   1   2   0    -2.00288e-02 
	  0   0   0   1   1   0    -5.84952e-02 
	  0   1   0   0   0   0    -2.00471e-02 
	  0   0   0   2   0   2    -9.13187e-03 
	  0   0   0   0   1   1    2.04537e-02 
	  0   0   0   0   2   1    -3.87192e-02 
	  3   0   0   0   0   0    -1.53720e-02 
	  0   0   1   0   0   2    -2.81027e-03 
	  0   0   0   2   0   1    -1.48072e-02 
	  1   0   1   0   0   0    -2.35450e-02 
	  0   0   0   2   0   0    3.52352e-02 
	  0   0   1   3   0   0    -5.53400e-03 
	  1   0   0   2   1   0    -1.20054e-02 
	  0   0   0   1   2   1    2.67760e-02 
	  1   0   0   1   0   1    8.68591e-02 
	  0   0   1   1   0   1    6.49160e-03 
	  0   0   0   0   0   1    9.61385e-03 
	  0   0   0   0   3   0    -1.23582e-02 
	  1   0   1   0   2   0    1.63850e-02 
rhomboid2
parameters 30
# exponents ... coefficient
	  0   0   0   0   0   0    1.51516e-01 
	  0   0   1   1   0   0    -6.86622e-03 
	  1   0   0   0   0   0    8.12827e-02 
	  0   0   0   0   1   0    1.92667e-01 
	  1   1   0   0   0   0    8.54589e-02 
	  0   0   0   3   0   1    1.71782e-02 
	  0   0   0   1   0   0    2.69751e-02 
	  0   0   1   0   0   0    9.29328e-02 
	  0   0   0   1   1   0    -7.01794e-02 
	  0   0   1   0   3   0    -3.30332e-03 
	  1   0   0   2   0   1    2.37086e-02 
	  2   0   0   0   0   0    5.86016e-02 
	  2   0   0   1   0   0    -3.39904e-02 
	  0   0   0   2   0   2    -1.82729e-02 
	  0   0   0   0   1   1    3.52252e-02 
	  0   0   0   0   2   1    -8.43038e-02 
	  1   0   0   0   0   3    -5.20186e-03 
	  1   0   1   0   0   0    -2.35813e-02 
	  0   0   2   2   0   0    -4.39080e-03 
	  0   0   1   0   1   0    -1.85286e-02 
	  0   0   0   2   0   1    -2.34055e-02 
	  0   0   0   1   0   1    -9.10250e-02 
	  0   0   0   1   2   1    5.72408e-02 
	  2   0   0   0   2   0    -1.66766e-02 
	  0   0   1   2   0   1    7.05943e-03 
	  0   0   0   0   0   1    6.37471e-02 
	  0   0   0   2   0   0    2.59709e-02 
	  1   0   0   1   0   1    -5.14590e-02 
	  0   0   2   0   1   1    -7.58105e-03 
	  1   0   1   2   0   0    1.03208e-02 
rhomboid3
parameters 19
# exponents ... coefficient
	  0   0   0   0   0   0    1.10246e-01 
	  0   0   1   1   0   0    -1.36412e-02 
	  1   0   0   0   0   0    8.54662e-02 
	  0   0   0   0   1   0    1.85132e-01 
	  1   1   0   0   0   0    9.17251e-02 
	  0   0   0   3   0   1    -2.37285e-02 
	  0   0   0   1   0   0    7.70863e-02 
	  0   0   1   0   0   0    1.05958e-01 
	  0   0   0   1   1   0    -6.29563e-02 
	  0   0   1   0   3   0    -2.05888e-02 
	  1   0   0   2   0   1    -1.59654e-02 
	  2   0   0   0   0   0    7.33392e-02 
	  2   0   0   1   0   0    -4.27742e-02 
	  0   0   0   2   0   2    -9.02157e-03 
	  0   0   0   0   1   1    3.45218e-02 
	  0   0   0   1   2   1    -1.80028e-02 
	  1   0   0   0   0   2    2.14965e-02 
	  2   0   0   0   1   0    -1.60065e-02 
	  0   0   1   2   0   1    9.20192e-03 
rhomboid4
parameters 26
# exponents ... coefficient
	  0   0   1   1   0   0    -2.15848e-02 
	  0   0   0   0   0   0    1.18695e-01 
	  1   0   0   0   0   0    8.97341e-02 
	  0   0   0   0   1   0    2.21304e-01 
	  2   1   0   0   0   0    -1.07171e-01 
	  0   0   0   3   0   1    4.11574e-02 
	  0   0   0   1   0   0    6.36479e-02 
	  0   0   1   0   0   0    1.21738e-01 
	  0   0   0   1   1   0    -9.05811e-02 
	  1   0   0   2   0   1    2.72710e-02 
	  0   0   1   0   3   0    -1.54559e-02 
	  0   0   0   0   2   1    -6.81725e-02 
	  2   0   0   0   1   0    -3.08292e-02 
	  3   0   0   0   0   0    -7.89915e-02 
	  3   0   0   1   0   0    5.09388e-02 
	  2   0   0   0   0   1    3.78081e-02 
	  0   0   0   0   3   1    8.57163e-03 
	  1   0   0   1   0   2    4.03496e-02 
	  1   0   0   0   1   1    -7.23317e-02 
	  0   0   0   2   0   1    -9.07787e-02 
	  0   0   0   0   0   1    3.10262e-02 
	  1   0   1   1   0   1    -2.54206e-02 
	  2   0   0   0   2   0    -2.67069e-02 
	  1   0   0   2   1   0    -2.01806e-02 
	  0   0   0   1   2   1    3.94493e-02 
	  0   0   0   4   0   0    2.60847e-03 
rhomboid5
parameters 14
# exponents ... coefficient
	  0   0   1   1   0   0    1.66543e-01 
	  0   0   0   0   1   0    1.47768e-01 
	  0   0   0   0   0   0    1.21181e-01 
	  1   0   0   0   0   0    8.99191e-02 
	  3   1   0   0   0   0    1.28844e-01 
	  0   0   0   3   0   1    -2.85206e-02 
	  0   0   2   0   1   0    -5.42841e-02 
	  0   0   0   1   0   0    5.12076e-02 
	  0   0   1   2   0   0    -6.39696e-02 
	  1   0   0   2   0   1    -4.55818e-02 
	  1   0   0   2   1   0    2.84966e-02 
	  0   0   0   0   2   1    -1.84537e-02 
	  3   0   0   0   0   0    -1.97813e-02 
	  0   0   2   1   1   0    3.96809e-02 
serrant1
parameters 25
# exponents ... coefficient
	  1   0   0   1   0   1    8.43108e-03 
	  0   0   1   0   0   0    -1.25130e-01 
	  0   0   0   0   0   0    1.23910e-01 
	  0   0   0   0   1   0    -1.39147e-01 
	  0   1   0   1   0   0    9.42792e-02 
	  2   0   0   0   0   0    4.12177e-02 
	  0   0   0   0   0   1    -9.02331e-02 
	  0   0   1   3   0   0    3.55311e-02 
	  0   0   0   0   4   0    1.86869e-02 
	  1   0   0   0   0   0    -8.33550e-02 
	  0   0   1   2   1   0    8.33037e-02 
	  0   2   0   1   0   0    1.56040e-01 
	  1   0   1   2   0   0    4.08157e-02 
	  0   0   2   2   0   0    4.24561e-02 
	  0   0   0   1   2   0    7.17734e-02 
	  1   0   0   2   1   0    4.18231e-02 
	  1   1   0   0   0   0    8.76845e-02 
	  0   1   0   0   3   0    3.27391e-03 
	  0   1   1   2   0   0    8.72657e-02 
	  0   1   0   1   1   0    1.26723e-01 
	  0   0   1   1   0   0    -8.79788e-02 
	  0   0   1   0   3   0    4.50218e-02 
	  0   1   0   0   2   0    7.87909e-02 
	  0   0   0   3   0   1    -1.89833e-02 
	  0   1   0   2   0   1    -5.98640e-02 
serrant2
parameters 12
# exponents ... coefficient
	  1   0   0   0   0   0    -1.15886e-01 
	  0   0   0   0   0   1    -1.12369e-01 
	  0   0   1   0   0   0    -1.77172e-01 
	  0   0   0   0   1   0    -1.41859e-01 
	  0   0   0   0   0   0    1.24761e-01 
	  0   1   0   1   0   0    -6.77617e-02 
	  0   0   1   3   0   0    2.62521e-02 
	  0   0   0   0   4   0    2.41298e-02 
	  0   2   0   1   0   0    1.44313e-01 
	  0   1   0   2   0   0    1.40771e-01 
	  0   1   0   0   2   0    8.69111e-02 
	  0   0   0   1   1   0    3.46352e-02 
serrant3
parameters 9
# exponents ... coefficient
	  1   0   0   0   0   0    -1.19471e-01 
	  0   0   0   0   0   1    -1.05649e-01 
	  0   0   1   0   0   0    -1.58494e-01 
	  0   0   0   0   0   0    1.28609e-01 
	  0   0   0   0   1   0    -9.62627e-02 
	  0   1   0   2   0   0    6.64489e-02 
	  0   0   1   3   0   0    2.14244e-02 
	  0   2   0   1   0   0    1.14334e-01 
	  0   0   0   0   4   0    2.13576e-02 
serrant4
parameters 11
# exponents ... coefficient
	  1   0   0   0   0   0    -1.17587e-01 
	  0   0   0   0   0   1    -9.22691e-02 
	  0   0   1   0   0   0    -1.36846e-01 
	  0   0   0   0   0   0    1.28577e-01 
	  0   0   0   0   1   0    -7.95751e-02 
	  0   0   1   3   0   0    1.97802e-02 
	  0   1   0   3   0   0    4.48399e-02 
	  0   2   0   1   0   0    1.20329e-01 
	  0   0   0   0   2   0    1.82007e-02 
	  0   1   0   0   0   0    -3.52067e-02 
	  0   1   0   0   2   0    5.05994e-02 
serrant5
parameters 10
# exponents ... coefficient
	  1   0   0   0   0   0    -1.07370e-01 
	  0   0   0   0   0   1    -7.47572e-02 
	  0   0   0   0   0   0    1.31266e-01 
	  0   0   1   0   0   0    -1.16746e-01 
	  0   0   0   0   1   0    -5.97624e-02 
	  0   0   1   2   0   0    2.71221e-02 
	  0   2   0   2   0   0    8.11065e-02 
	  0   1   0   0   0   0    -4.35364e-02 
	  0   1   0   3   0   0    2.81078e-02 
	  0   0   0   0   2   0    1.47848e-02 
serrant6
parameters 21
# exponents ... coefficient
	  0   0   0   0   0   0    1.25183e-01 
	  1   0   0   1   0   1    6.26813e-02 
	  0   0   1   0   0   0    -4.14047e-02 
	  0   1   0   0   0   0    -9.31118e-02 
	  2   0   0   0   0   0    5.97667e-02 
	  0   0   0   0   1   0    -7.41929e-03 
	  2   0   1   0   0   0    5.95359e-03 
	  0   0   0   2   0   0    9.60495e-03 
	  2   0   0   0   1   0    -7.32736e-02 
	  0   0   0   0   0   1    -3.23884e-02 
	  0   0   0   0   2   0    1.34975e-02 
	  0   0   1   2   0   0    2.66665e-02 
	  0   2   0   0   0   0    3.95501e-02 
	  0   1   0   3   0   0    3.06422e-02 
	  1   0   0   0   0   0    -5.36047e-02 
	  0   1   0   1   0   1    -9.55155e-02 
	  0   1   1   0   0   0    -4.57705e-02 
	  0   1   0   0   2   0    4.27213e-02 
	  1   0   1   1   0   0    7.51966e-02 
	  3   0   0   0   0   1    -5.91266e-02 
	  0   2   0   2   0   0    7.00858e-02 
serrant7
parameters 31
# exponents ... coefficient
	  0   0   0   0   0   0    9.03389e-02 
	  1   0   0   1   0   0    -1.73484e-01 
	  0   1   0   0   0   0    -7.48261e-02 
	  0   0   0   1   0   1    -2.47378e-02 
	  1   0   1   1   0   0    4.06075e-02 
	  2   0   1   0   1   0    -2.36576e-02 
	  1   0   2   0   0   0    8.77773e-03 
	  0   0   1   3   0   0    1.56769e-03 
	  1   0   0   0   0   1    5.84658e-03 
	  1   0   0   3   0   0    -5.75201e-02 
	  0   0   0   3   0   0    3.29880e-02 
	  0   0   0   0   1   0    3.36750e-02 
	  0   2   0   1   0   0    8.84140e-02 
	  0   1   0   2   0   1    1.04679e-03 
	  0   1   1   0   0   0    -9.93026e-02 
	  1   0   0   0   1   0    3.99588e-02 
	  2   0   0   0   0   0    3.67918e-02 
	  0   0   1   0   1   0    -3.98153e-03 
	  0   1   0   0   1   2    2.93187e-03 
	  0   1   0   3   0   0    1.83575e-02 
	  0   1   0   0   1   0    -3.67463e-02 
	  0   1   0   0   2   0    3.38572e-02 
	  0   1   0   0   0   1    -7.61452e-02 
	  0   1   1   2   0   0    2.98597e-02 
	  0   0   0   0   2   1    -7.87402e-03 
	  0   0   0   3   1   0    -6.76470e-03 
	  0   0   0   0   2   0    2.10446e-02 
	  1   0   0   1   2   0    2.79781e-02 
	  0   0   1   1   0   0    9.06645e-03 
	  1   0   0   2   0   0    1.78780e-01 
	  0   0   0   4   0   0    -1.30818e-02 
serrant8
parameters 23
# exponents ... coefficient
	  0   0   0   0   0   0    1.58935e-02 
	  1   0   0   1   0   0    5.27363e-02 
	  0   1   0   1   0   0    -1.11379e-01 
	  1   0   0   0   0   1    5.54674e-03 
	  0   0   0   1   0   0    7.19129e-02 
	  1   0   0   0   0   0    -9.80860e-02 
	  0   0   0   0   2   0    7.17809e-02 
	  0   1   1   0   0   0    -7.68346e-02 
	  0   1   0   0   1   0    -6.05442e-02 
	  0   1   0   0   0   1    -4.36121e-02 
	  0   0   0   0   1   0    2.65551e-02 
	  0   0   0   2   2   0    2.17546e-02 
	  0   0   1   1   0   0    3.64926e-02 
	  1   0   1   1   0   0    4.77960e-02 
	  1   0   0   1   1   0    5.22149e-02 
	  2   0   0   1   0   0    4.11831e-02 
	  0   1   0   2   0   0    7.25876e-02 
	  0   2   0   1   0   0    5.62722e-02 
	  0   0   0   0   0   1    -6.61387e-03 
	  0   0   0   1   1   0    1.09251e-02 
	  0   0   0   3   0   1    -2.49570e-03 
	  0   0   0   1   2   0    -7.85763e-02 
	  0   0   1   2   0   0    -8.05947e-03 
serrant9
parameters 23
# exponents ... coefficient
	  1   0   0   1   0   0    7.56952e-02 
	  0   0   0   0   0   0    -1.65821e-02 
	  0   1   0   1   0   0    -3.87471e-02 
	  0   0   1   2   0   0    9.56733e-03 
	  0   1   0   0   0   1    -2.51668e-02 
	  0   0   0   0   2   0    6.02899e-02 
	  1   0   1   2   0   0    2.72560e-02 
	  1   0   0   0   0   1    2.48107e-03 
	  0   1   1   0   0   0    -8.85314e-02 
	  0   1   0   0   1   0    -8.74764e-02 
	  3   0   1   0   0   0    -2.34955e-04 
	  1   0   0   1   2   0    5.39045e-03 
	  0   0   0   1   0   0    8.52207e-02 
	  1   0   0   0   0   0    -1.30162e-01 
	  0   0   0   0   1   0    2.30575e-02 
	  0   2   0   0   0   0    5.50710e-02 
	  0   1   0   3   0   0    2.04571e-02 
	  2   0   0   0   2   0    -1.20803e-02 
	  1   0   0   1   1   0    2.76185e-02 
	  0   0   1   0   0   0    1.16891e-02 
	  2   0   0   2   0   0    3.25730e-02 
	  0   0   0   3   0   1    -1.13513e-03 
	  0   0   0   1   2   0    -3.60297e-02 
serrant10
parameters 22
# exponents ... coefficient
	  1   0   0   1   0   0    2.32130e-02 
	  0   0   0   1   0   0    7.56364e-02 
	  0   1   0   1   0   0    -1.09816e-02 
	  1   0   0   0   0   0    -6.55141e-02 
	  0   0   0   1   0   1    5.68492e-03 
	  0   0   1   1   0   0    2.41015e-02 
	  0   0   0   0   2   0    7.69291e-02 
	  0   1   0   0   0   1    -1.17227e-02 
	  0   1   1   1   0   0    -2.15183e-01 
	  0   1   0   0   1   0    -1.22682e-01 
	  2   0   0   0   0   0    3.96740e-02 
	  0   1   1   2   0   0    1.24761e-01 
	  0   0   0   0   1   0    2.37142e-02 
	  0   0   0   1   2   0    -4.61091e-02 
	  1   0   0   2   0   1    3.20780e-03 
	  0   2   0   1   0   0    5.39521e-02 
	  0   0   0   0   0   0    -2.21939e-02 
	  1   0   1   2   0   0    2.07616e-02 
	  1   0   0   0   1   0    2.11622e-02 
	  0   0   0   3   0   1    -1.28733e-03 
	  0   1   0   2   1   0    3.11742e-02 
	  1   0   0   0   2   0    2.25174e-02 
serrant11
parameters 15
# exponents ... coefficient
	  1   0   0   1   0   0    6.67461e-02 
	  0   0   0   0   0   1    6.68526e-03 
	  0   0   0   0   0   0    -3.42355e-02 
	  0   1   1   2   0   0    1.01857e-01 
	  0   1   0   1   1   0    4.44732e-02 
	  0   0   0   0   2   0    5.71337e-02 
	  0   0   0   1   0   0    8.67038e-02 
	  1   0   0   0   0   0    -1.13119e-01 
	  0   0   0   1   2   0    -3.77629e-02 
	  0   1   1   1   0   0    -1.95785e-01 
	  0   0   1   0   0   0    6.85365e-03 
	  0   1   0   0   1   0    -1.48673e-01 
	  0   2   0   0   0   0    6.12357e-02 
	  1   0   0   0   0   1    4.09139e-03 
	  2   0   0   1   0   0    2.83683e-02 
deltscap1
parameters 25
# exponents ... coefficient
	  0   0   0    1.71319e-01 
	  0   1   0    5.45527e-02 
	  0   0   1    8.11826e-03 
	  2   2   0    9.31604e-03 
	  1   1   0    2.35264e-02 
	  1   0   1    -4.33350e-03 
	  0   0   2    -2.13991e-03 
	  2   0   0    -2.34471e-03 
	  1   0   0    7.99131e-03 
	  0   1   2    1.99722e-03 
	  0   2   0    -2.39545e-02 
	  2   1   0    -2.75868e-02 
	  1   0   2    -3.16761e-03 
	  2   1   1    1.50347e-03 
	  0   0   3    -9.05592e-04 
	  1   0   3    6.74501e-04 
	  2   0   1    -2.78180e-03 
	  0   1   1    -3.94004e-03 
	  2   0   2    7.04263e-04 
	  1   2   0    1.39974e-03 
	  0   4   0    5.79663e-03 
	  3   0   0    -9.49014e-04 
	  1   3   0    -1.21467e-02 
	  0   3   1    1.85728e-03 
	  1   2   1    -2.50950e-03 
deltscap2
parameters 14
# exponents ... coefficient
	  0   0   0    1.49861e-01 
	  0   1   0    2.94527e-02 
	  0   0   1    5.62439e-03 
	  1   0   0    5.27509e-03 
	  4   0   0    -1.26209e-03 
	  1   0   1    -4.52234e-03 
	  0   4   0    -2.11115e-02 
	  0   0   2    -1.90025e-03 
	  0   3   1    -3.02795e-03 
	  1   1   0    3.10242e-02 
	  2   1   0    -1.13673e-02 
	  3   1   0    -7.31881e-03 
	  0   2   0    -3.65625e-02 
	  0   3   0    4.06740e-02 
deltscap3
parameters 12
# exponents ... coefficient
	  0   0   0    1.37526e-01 
	  1   1   0    2.56754e-02 
	  0   4   0    -2.94529e-03 
	  0   0   1    5.11237e-03 
	  0   2   2    2.04512e-03 
	  1   3   0    -6.32527e-03 
	  1   0   0    4.47343e-03 
	  1   0   2    -2.06330e-03 
	  2   0   1    -1.55711e-03 
	  4   0   0    -1.15288e-03 
	  0   0   3    -6.25418e-04 
	  1   1   1    -1.90256e-03 
deltscap4
parameters 22
# exponents ... coefficient
	  0   0   0    1.12880e-01 
	  1   1   0    2.83307e-02 
	  0   0   1    5.73814e-03 
	  0   3   0    1.92327e-03 
	  0   2   2    -3.04210e-04 
	  1   0   0    5.80540e-03 
	  2   1   0    -4.44881e-03 
	  1   0   2    -2.57455e-03 
	  2   0   1    -2.22469e-03 
	  0   0   3    -7.76184e-04 
	  0   1   2    1.58148e-03 
	  0   3   1    -2.77186e-04 
	  3   0   0    -8.75920e-04 
	  0   2   0    -9.23300e-03 
	  1   3   0    -8.16335e-03 
	  2   2   0    6.40951e-03 
	  1   0   1    5.30267e-04 
	  1   1   2    6.35369e-04 
	  0   0   2    2.77881e-04 
	  3   1   0    -1.79018e-03 
	  0   1   0    1.16314e-03 
	  0   2   1    -1.16158e-03 
deltscap5
parameters 28
# exponents ... coefficient
	  0   0   0    1.07378e-01 
	  1   0   0    4.49282e-03 
	  0   0   1    4.36453e-03 
	  0   1   0    -1.42212e-02 
	  1   1   0    2.23770e-02 
	  0   1   2    1.76143e-03 
	  0   2   0    -6.90422e-03 
	  1   2   0    -3.50594e-03 
	  2   0   0    1.22704e-03 
	  1   0   1    2.23790e-03 
	  1   0   3    -1.88730e-04 
	  2   0   1    -1.91777e-03 
	  1   0   2    -1.99293e-03 
	  0   0   2    1.21962e-03 
	  0   0   3    -6.12082e-04 
	  3   0   0    -7.44875e-04 
	  1   1   1    -2.38625e-04 
	  2   1   0    4.65894e-03 
	  2   2   0    -9.28469e-04 
	  0   4   0    1.97032e-03 
	  3   1   0    -1.76209e-03 
	  1   3   0    -3.97872e-03 
	  0   0   4    -9.30368e-05 
	  1   1   2    5.97398e-04 
	  0   2   2    -5.04993e-04 
	  2   0   2    -2.22979e-04 
	  1   2   1    -1.14862e-03 
	  0   3   1    3.58195e-04 
deltscap6
parameters 22
# exponents ... coefficient
	  0   0   0    1.43888e-01 
	  1   0   0    4.91174e-03 
	  0   0   1    4.65203e-03 
	  1   1   2    9.15150e-04 
	  0   4   0    1.54524e-03 
	  1   1   0    2.79545e-02 
	  0   2   0    -1.03213e-02 
	  0   1   2    1.43662e-03 
	  2   2   0    7.71573e-04 
	  1   0   2    -2.27282e-03 
	  0   1   0    -4.97050e-03 
	  1   0   1    1.85949e-03 
	  2   0   1    -2.06482e-03 
	  0   0   2    9.10587e-04 
	  0   0   3    -7.59349e-04 
	  1   1   1    -8.44647e-04 
	  1   3   0    -6.38378e-03 
	  3   1   0    -1.63936e-03 
	  0   1   1    -1.35931e-03 
	  0   1   3    4.06277e-04 
	  3   0   0    -1.13510e-03 
	  4   0   0    5.14423e-04 
deltscap7
parameters 28
# exponents ... coefficient
	  0   0   0    1.59904e-01 
	  1   0   0    3.65856e-03 
	  0   0   1    3.34348e-03 
	  1   1   2    3.75067e-04 
	  3   1   0    -1.91180e-03 
	  0   3   0    1.31295e-03 
	  1   1   0    2.72208e-02 
	  0   1   0    -7.31693e-03 
	  0   1   2    1.33646e-03 
	  1   2   0    2.30298e-03 
	  1   0   2    -1.58630e-03 
	  1   0   1    1.72864e-03 
	  2   0   1    -1.65429e-03 
	  0   0   2    8.48090e-04 
	  0   0   3    -4.61110e-04 
	  1   1   1    -3.42372e-04 
	  0   2   0    -1.05092e-02 
	  1   3   0    -8.37858e-03 
	  2   0   0    4.69285e-04 
	  3   0   0    -1.01540e-03 
	  0   0   4    -6.11510e-05 
	  0   2   2    -5.78510e-04 
	  0   1   1    -4.68927e-04 
	  2   2   0    2.00172e-03 
	  4   0   0    3.69307e-04 
	  1   2   1    -8.08195e-04 
	  0   4   0    1.66765e-03 
	  1   0   3    -9.50207e-05 
deltscap8
parameters 24
# exponents ... coefficient
	  0   0   0    1.41654e-01 
	  2   0   0    1.56170e-03 
	  0   1   0    -1.45708e-02 
	  1   1   0    2.20029e-02 
	  0   0   4    -1.20583e-04 
	  0   0   1    2.50911e-03 
	  0   2   0    -9.30056e-03 
	  0   1   2    1.55986e-03 
	  1   0   1    2.85080e-03 
	  0   0   2    1.44229e-03 
	  1   2   0    -5.07751e-03 
	  1   0   0    2.46094e-03 
	  1   1   1    -1.16603e-03 
	  1   0   2    -1.13989e-03 
	  2   0   1    -1.47116e-03 
	  0   0   3    -3.27346e-04 
	  3   0   0    -4.98320e-04 
	  0   3   0    1.79605e-03 
	  1   0   3    -2.06257e-04 
	  0   1   1    -8.80684e-04 
	  2   1   0    4.78233e-03 
	  3   1   0    -1.59559e-03 
	  0   2   2    -4.88417e-04 
	  2   2   0    -2.54581e-03 
deltscap9
parameters 23
# exponents ... coefficient
	  0   0   0    1.50614e-01 
	  2   0   0    6.15890e-04 
	  0   1   0    -1.91209e-02 
	  0   0   1    3.09945e-03 
	  1   1   0    2.04142e-02 
	  0   2   0    -7.81825e-03 
	  0   1   2    1.55148e-03 
	  1   0   0    3.11649e-03 
	  0   1   1    7.07663e-04 
	  1   2   0    -9.31485e-03 
	  0   3   0    2.45825e-03 
	  2   1   0    7.59686e-03 
	  3   1   0    -1.89498e-03 
	  0   0   3    -4.96325e-04 
	  1   0   2    -1.42858e-03 
	  2   0   1    -1.40571e-03 
	  1   0   1    1.01423e-03 
	  0   0   2    5.17629e-04 
	  2   2   0    -3.08340e-03 
	  3   0   0    -4.09214e-04 
	  1   1   2    3.85075e-04 
	  0   2   2    -2.66363e-04 
	  1   3   0    1.78877e-03 
deltscap10
parameters 23
# exponents ... coefficient
	  0   0   0    1.40254e-01 
	  0   1   0    -2.54230e-02 
	  2   1   0    9.86472e-03 
	  0   0   1    2.56058e-03 
	  0   1   2    1.60634e-03 
	  1   0   0    2.48768e-03 
	  1   1   1    6.01473e-04 
	  2   2   0    -5.92894e-03 
	  1   1   0    1.23898e-02 
	  0   2   0    -3.45650e-03 
	  1   3   0    5.09745e-03 
	  0   0   2    7.71055e-04 
	  1   0   1    1.50527e-03 
	  3   0   1    -8.88183e-05 
	  0   0   3    -4.41163e-04 
	  1   0   2    -1.07711e-03 
	  2   0   1    -1.09051e-03 
	  1   2   0    -8.44287e-03 
	  3   1   0    -1.07694e-03 
	  0   2   1    8.58173e-04 
	  2   0   0    7.23862e-04 
	  3   0   0    -3.44257e-04 
	  1   2   1    -5.67342e-04 
deltscap11
parameters 30
# exponents ... coefficient
	  0   0   0    1.31341e-01 
	  0   1   0    -2.73816e-02 
	  2   1   0    8.13739e-03 
	  0   0   4    -1.60623e-04 
	  1   0   1    2.72821e-03 
	  0   0   2    1.47218e-03 
	  2   2   0    -5.01174e-03 
	  0   0   1    1.29833e-03 
	  0   1   2    1.50368e-03 
	  0   1   1    1.65687e-03 
	  2   0   0    1.41236e-03 
	  1   0   0    1.35320e-03 
	  1   1   0    -3.11010e-03 
	  1   0   3    -3.68780e-04 
	  0   2   0    -5.01443e-03 
	  1   2   0    -5.34551e-04 
	  2   0   2    -5.28438e-04 
	  3   0   1    -4.30694e-04 
	  4   0   0    -2.20382e-04 
	  0   0   3    -9.67168e-05 
	  1   0   2    -3.76731e-04 
	  2   0   1    -2.69145e-04 
	  1   3   0    3.64605e-03 
	  0   4   0    -2.40290e-03 
	  0   3   0    4.22453e-03 
	  0   3   1    1.03532e-03 
	  1   1   1    -1.11060e-03 
	  0   1   3    -2.63897e-04 
	  0   2   1    -1.72000e-03 
	  1   2   1    7.37220e-04 
deltclav1
parameters 22
# exponents ... coefficient
	  0   0   0   0   0   0    1.49237e-01 
	  1   0   0   1   2   0    5.49159e-03 
	  1   0   1   0   0   0    -2.60806e-02 
	  0   0   0   1   1   1    1.34637e-03 
	  0   1   0   0   0   0    3.53656e-02 
	  2   0   0   0   0   0    -4.04196e-03 
	  0   0   0   1   1   0    -1.79365e-02 
	  1   0   0   0   2   0    -3.23907e-02 
	  1   1   0   0   0   0    -1.94315e-02 
	  0   0   0   0   0   1    -2.67586e-03 
	  0   2   0   0   1   0    -2.01979e-02 
	  0   0   0   0   1   2    2.21670e-03 
	  2   0   1   0   1   0    7.08085e-03 
	  0   0   0   0   1   0    1.44726e-02 
	  2   0   0   0   2   0    1.36899e-02 
	  0   0   0   1   0   0    -3.55639e-03 
	  0   1   0   0   1   0    -4.37755e-03 
	  0   2   1   0   0   0    -1.76523e-02 
	  1   2   0   0   1   0    1.32546e-02 
	  1   2   1   0   0   0    1.45892e-02 
	  2   0   0   0   1   0    -6.88803e-03 
	  0   0   0   1   0   2    8.54094e-04 
deltclav2
parameters 24
# exponents ... coefficient
	  0   0   0   0   0   0    1.80903e-01 
	  1   0   0   1   1   0    -5.12023e-02 
	  1   0   1   0   0   0    -4.62770e-02 
	  0   1   0   0   0   0    4.22723e-02 
	  0   0   0   0   0   1    -3.18195e-03 
	  2   1   0   0   0   0    -1.58359e-02 
	  1   0   0   0   2   0    -2.72844e-02 
	  0   0   0   0   1   2    2.34913e-03 
	  2   0   1   0   0   0    2.86171e-03 
	  0   2   0   1   1   0    -1.96518e-04 
	  0   0   0   1   0   0    -4.47951e-03 
	  1   0   0   0   0   0    -6.44670e-03 
	  2   0   0   1   1   0    2.57462e-02 
	  0   0   0   0   1   0    1.93619e-02 
	  2   0   1   0   1   0    1.16287e-02 
	  0   1   0   0   1   0    -6.28877e-03 
	  4   0   0   0   0   0    -2.09027e-03 
	  0   2   1   0   0   0    -2.01110e-02 
	  0   2   0   0   1   0    -3.37629e-02 
	  1   2   0   0   1   0    2.23354e-02 
	  0   0   0   1   0   2    1.03806e-03 
	  1   0   0   1   1   1    1.99988e-03 
	  1   0   0   0   3   0    6.39816e-03 
	  1   2   1   0   0   0    1.29033e-02 
deltclav3
parameters 26
# exponents ... coefficient
	  0   0   0   0   0   0    1.63271e-01 
	  1   0   0   1   1   0    2.70258e-03 
	  1   0   1   0   0   0    -4.26005e-02 
	  1   0   0   2   0   1    8.75655e-04 
	  0   1   0   0   0   0    3.86036e-02 
	  2   1   0   0   0   0    -1.43559e-02 
	  2   0   1   0   0   0    4.17311e-03 
	  0   2   0   0   2   0    2.14720e-03 
	  0   0   0   0   0   1    -3.56637e-03 
	  1   0   0   0   2   0    -2.95036e-02 
	  0   0   0   0   1   2    1.86734e-03 
	  0   0   0   1   0   0    -4.42234e-03 
	  1   0   0   0   0   0    -9.20674e-03 
	  0   0   0   1   1   0    -2.41256e-02 
	  0   0   0   0   1   0    2.53542e-02 
	  2   0   1   0   1   0    9.07692e-03 
	  0   3   0   0   0   0    -9.36664e-03 
	  1   3   0   0   0   0    6.49961e-03 
	  0   1   0   0   1   0    -5.37001e-03 
	  0   2   0   0   1   0    -2.75250e-02 
	  1   2   0   0   1   0    1.63478e-02 
	  0   0   0   1   0   2    1.24180e-03 
	  1   0   0   0   3   0    1.60010e-02 
	  0   1   2   0   0   0    -5.53368e-03 
	  0   0   0   0   4   0    -5.65949e-03 
	  1   0   0   0   1   0    -1.12895e-02 
deltclav4
parameters 27
# exponents ... coefficient
	  0   0   0   0   0   0    1.76323e-01 
	  1   0   0   1   1   0    -4.59173e-02 
	  1   0   1   0   0   0    -4.89600e-02 
	  0   1   0   0   0   0    4.10088e-02 
	  0   0   0   0   0   1    -3.66306e-03 
	  2   0   0   0   2   0    1.68496e-02 
	  2   1   0   0   0   0    -1.53794e-02 
	  0   0   0   0   1   2    2.18133e-03 
	  0   2   0   0   2   0    -7.89889e-04 
	  2   0   1   0   0   0    1.01327e-02 
	  2   0   0   1   1   0    2.08923e-02 
	  3   0   0   0   0   0    -2.64755e-03 
	  0   0   0   0   1   0    1.99622e-02 
	  1   0   1   0   2   0    8.93233e-03 
	  0   1   0   0   1   0    -6.03269e-03 
	  0   2   1   0   0   0    -2.24686e-02 
	  0   2   0   0   0   0    -2.47118e-03 
	  1   2   0   0   1   0    2.20921e-02 
	  0   2   0   0   1   0    -2.99935e-02 
	  1   2   1   0   0   0    1.46471e-02 
	  1   0   0   1   0   0    -7.60457e-03 
	  0   0   0   0   1   1    1.70317e-03 
	  0   0   0   1   0   2    1.22657e-03 
	  1   0   0   0   2   0    -3.05431e-02 
	  3   0   0   0   1   0    -9.69029e-03 
	  1   0   0   2   0   1    1.09601e-03 
	  3   0   0   1   0   0    3.57392e-03 
coracobr1
parameters 29
# exponents ... coefficient
	  0   0   0    1.64720e-01 
	  1   1   0    -2.91139e-02 
	  1   0   1    1.48995e-03 
	  0   0   2    7.52069e-04 
	  1   0   3    -2.20033e-04 
	  3   1   0    4.47856e-03 
	  0   1   0    9.05778e-03 
	  0   2   0    -6.35140e-03 
	  0   3   0    -1.11712e-03 
	  0   1   1    6.72037e-04 
	  0   2   2    -8.12231e-05 
	  2   1   0    -3.90532e-03 
	  1   3   0    4.23191e-03 
	  0   0   3    7.95286e-06 
	  0   3   1    -1.04634e-04 
	  2   0   2    -3.47292e-04 
	  3   0   1    -2.26727e-04 
	  2   0   0    6.67624e-04 
	  0   0   4    -5.49744e-05 
	  1   1   2    1.17594e-04 
	  0   1   2    -4.61076e-05 
	  2   2   0    -1.92811e-03 
	  1   2   1    -4.32510e-04 
	  2   1   1    1.40519e-04 
	  0   0   1    -6.91280e-05 
	  0   1   3    -8.68158e-05 
	  1   0   2    3.03573e-05 
	  2   0   1    4.43445e-05 
	  0   4   0    3.40681e-04 
coracobr2
parameters 29
# exponents ... coefficient
	  0   0   0    1.78110e-01 
	  0   0   1    1.21827e-03 
	  1   1   0    -3.21642e-02 
	  0   1   0    1.47004e-02 
	  1   0   1    7.90140e-04 
	  1   0   3    -8.70826e-05 
	  1   0   2    -5.35682e-04 
	  2   0   1    -5.09889e-04 
	  0   0   2    3.77126e-04 
	  0   0   3    -1.87356e-04 
	  3   1   0    4.90550e-03 
	  2   1   0    -6.16896e-03 
	  0   2   0    -3.99665e-03 
	  1   3   0    5.32726e-03 
	  1   0   0    1.18872e-03 
	  1   1   1    2.49540e-04 
	  1   2   1    -3.21746e-04 
	  0   1   2    -2.55971e-04 
	  0   2   2    1.85416e-04 
	  0   3   1    7.61112e-05 
	  2   0   2    -1.35871e-04 
	  3   0   1    -1.04993e-04 
	  2   0   0    3.77216e-04 
	  0   0   4    -1.00041e-05 
	  2   2   0    -2.10431e-03 
	  0   3   0    -1.50864e-03 
	  1   1   2    8.21714e-05 
	  3   0   0    -1.68970e-04 
	  0   2   1    1.19592e-04 
coracobr3
parameters 31
# exponents ... coefficient
	  0   0   0    1.93646e-01 
	  1   1   0    -3.47499e-02 
	  0   0   1    6.26628e-04 
	  1   0   1    1.23780e-03 
	  0   0   2    6.13607e-04 
	  1   0   3    -1.64812e-04 
	  0   1   0    1.04414e-02 
	  3   1   0    5.20763e-03 
	  0   2   0    -6.77340e-03 
	  0   3   0    -1.16291e-03 
	  0   1   1    4.30459e-04 
	  0   3   1    -4.45809e-06 
	  2   1   0    -4.28866e-03 
	  2   0   2    -2.62487e-04 
	  3   0   1    -1.80743e-04 
	  0   0   4    -3.46003e-05 
	  1   3   0    4.96186e-03 
	  0   1   3    -5.68303e-05 
	  1   0   2    -2.75134e-04 
	  2   1   1    4.47882e-05 
	  0   0   3    -9.77820e-05 
	  2   0   1    -2.52144e-04 
	  2   0   0    5.45806e-04 
	  0   1   2    -1.93805e-04 
	  1   0   0    5.32098e-04 
	  2   2   0    -2.31322e-03 
	  1   1   2    8.16576e-05 
	  1   2   1    -4.11874e-04 
	  1   1   1    1.53453e-04 
	  0   2   2    6.92463e-05 
	  0   4   0    3.84813e-04 
infra1
parameters 13
# exponents ... coefficient
	  0   0   0    8.90879e-02 
	  1   0   0    1.41969e-02 
	  0   0   1    1.57059e-02 
	  0   2   0    -8.98509e-03 
	  1   2   1    -6.97595e-03 
	  0   0   2    -6.61389e-03 
	  1   0   1    -1.20522e-02 
	  2   0   0    -5.51664e-03 
	  0   4   0    8.35884e-04 
	  2   1   1    3.13433e-03 
	  2   0   1    -3.91163e-03 
	  1   0   2    -3.64829e-03 
	  0   0   3    -1.05646e-03 
infra2
parameters 27
# exponents ... coefficient
	  0   0   0    1.73779e-01 
	  0   2   1    -2.58238e-03 
	  1   0   0    1.13500e-02 
	  0   1   0    -2.64821e-03 
	  0   0   1    1.13972e-02 
	  1   0   1    -1.39573e-02 
	  0   0   2    -6.64771e-03 
	  0   2   0    -9.63284e-03 
	  2   0   0    -6.38440e-03 
	  2   1   0    5.54618e-03 
	  0   3   1    -2.23447e-04 
	  1   1   0    -3.60015e-03 
	  1   0   2    -4.28947e-03 
	  2   0   1    -4.20000e-03 
	  3   0   0    -1.47051e-03 
	  0   0   3    -1.52539e-03 
	  0   1   2    -3.75266e-03 
	  0   1   1    3.03332e-03 
	  0   2   2    3.14074e-03 
	  3   0   1    2.27654e-03 
	  2   0   2    2.63350e-03 
	  1   0   3    2.03144e-03 
	  0   0   4    5.27087e-04 
	  0   4   0    8.99112e-04 
	  2   2   0    1.38866e-03 
	  4   0   0    3.48848e-04 
	  1   3   0    -8.89458e-04 
infra3
parameters 27
# exponents ... coefficient
	  0   0   0    1.48893e-01 
	  0   2   0    -9.61462e-03 
	  2   2   0    1.45707e-03 
	  0   0   1    1.22125e-02 
	  1   0   0    1.21640e-02 
	  0   0   2    -6.60189e-03 
	  1   0   1    -1.39280e-02 
	  2   0   0    -6.32390e-03 
	  0   3   0    1.33867e-03 
	  1   1   0    -3.78576e-03 
	  0   3   1    -6.29576e-04 
	  0   1   0    -3.97381e-03 
	  2   1   0    5.60800e-03 
	  0   1   1    2.62250e-03 
	  1   0   2    -4.43158e-03 
	  2   0   1    -4.46891e-03 
	  3   0   0    -1.53074e-03 
	  0   0   3    -1.55145e-03 
	  0   1   2    -3.12980e-03 
	  0   2   2    2.91754e-03 
	  3   0   1    2.28763e-03 
	  2   0   2    2.67013e-03 
	  1   0   3    2.01104e-03 
	  0   0   4    4.97384e-04 
	  0   2   1    -2.25269e-03 
	  1   2   0    -1.34952e-03 
	  4   0   0    3.40646e-04 
infra4
parameters 21
# exponents ... coefficient
	  0   0   0    1.40347e-01 
	  0   1   0    -1.17509e-02 
	  2   1   0    8.06070e-03 
	  0   0   1    1.21957e-02 
	  1   0   0    1.19020e-02 
	  1   0   1    -1.31309e-02 
	  0   0   2    -6.47063e-03 
	  2   0   0    -5.75899e-03 
	  1   1   0    -4.86437e-03 
	  0   2   2    4.09015e-04 
	  0   2   0    -6.07933e-03 
	  0   3   1    -3.36240e-03 
	  0   1   1    1.23147e-03 
	  1   0   2    -4.47022e-03 
	  2   0   1    -4.35189e-03 
	  3   0   0    -1.25894e-03 
	  0   0   3    -1.55072e-03 
	  3   0   1    2.01207e-03 
	  2   0   2    2.54485e-03 
	  1   0   3    1.97527e-03 
	  0   0   4    5.10893e-04 
infra5
parameters 25
# exponents ... coefficient
	  0   0   0    1.27011e-01 
	  0   1   0    -1.58965e-02 
	  2   1   0    8.11148e-03 
	  0   0   1    1.17199e-02 
	  1   0   1    -1.41648e-02 
	  0   0   2    -6.52405e-03 
	  1   0   0    1.15094e-02 
	  2   0   0    -6.23131e-03 
	  0   2   2    2.48901e-03 
	  1   1   0    -3.56410e-03 
	  0   3   1    -4.74422e-05 
	  0   2   0    -7.12321e-03 
	  1   0   2    -4.13111e-03 
	  2   0   1    -3.76268e-03 
	  3   1   0    -3.19074e-04 
	  0   0   3    -1.45453e-03 
	  1   1   1    -9.92407e-04 
	  3   0   0    -1.05598e-03 
	  1   0   3    1.92398e-03 
	  0   3   0    2.51658e-03 
	  3   0   1    1.85730e-03 
	  2   0   2    2.13797e-03 
	  0   2   1    -2.71104e-03 
	  0   0   4    4.00517e-04 
	  0   1   3    4.30549e-04 
infra6
parameters 22
# exponents ... coefficient
	  0   0   0    1.09802e-01 
	  0   1   0    -1.37635e-02 
	  2   1   0    5.38417e-03 
	  0   0   1    1.57250e-02 
	  1   0   0    1.55736e-02 
	  1   0   1    -1.44179e-02 
	  2   0   0    -6.37911e-03 
	  0   0   2    -6.67101e-03 
	  0   1   2    3.77178e-03 
	  0   3   1    -2.93994e-03 
	  0   2   0    -4.49307e-03 
	  1   1   0    -4.07928e-03 
	  1   0   2    -5.36662e-03 
	  2   0   1    -4.79719e-03 
	  3   0   0    -1.37126e-03 
	  0   0   3    -1.77923e-03 
	  0   1   1    -1.84785e-03 
	  1   0   3    2.20785e-03 
	  1   2   1    -1.12403e-03 
	  3   0   1    1.77913e-03 
	  2   0   2    2.25930e-03 
	  0   0   4    4.15647e-04 
termin1
parameters 23
# exponents ... coefficient
	  0   0   0    9.34493e-02 
	  0   0   1    1.44916e-02 
	  1   0   0    1.50539e-02 
	  0   1   0    1.81695e-02 
	  0   2   0    -8.36208e-03 
	  0   0   2    -5.02673e-03 
	  1   0   1    -1.15431e-02 
	  2   0   0    -5.32153e-03 
	  0   3   1    -2.26201e-03 
	  0   0   3    1.00203e-03 
	  1   0   2    1.35884e-03 
	  2   0   1    1.19010e-03 
	  2   1   0    -4.88630e-03 
	  2   2   0    5.28797e-03 
	  1   3   0    -2.88691e-03 
	  0   1   1    2.30589e-03 
	  0   1   2    -2.34435e-03 
	  1   1   2    1.04254e-03 
	  3   0   1    2.74848e-03 
	  2   0   2    3.26602e-03 
	  1   0   3    2.12606e-03 
	  4   0   0    6.33947e-04 
	  0   2   2    1.63306e-03 
termin2
parameters 21
# exponents ... coefficient
	  0   0   0    1.09889e-01 
	  0   0   1    1.65639e-02 
	  1   0   0    1.63627e-02 
	  0   1   0    1.32319e-02 
	  0   2   0    -6.51993e-03 
	  0   0   2    -6.97088e-03 
	  1   0   1    -1.45208e-02 
	  2   0   0    -6.56657e-03 
	  0   3   1    -3.50047e-03 
	  1   0   3    4.16267e-03 
	  2   0   2    6.20108e-03 
	  3   0   1    4.11875e-03 
	  0   1   1    1.39588e-03 
	  0   3   0    -2.64679e-03 
	  4   0   0    7.49226e-04 
	  0   0   4    7.34649e-04 
	  1   1   0    -7.53631e-04 
	  2   2   0    4.68992e-03 
	  1   1   1    1.92666e-03 
	  2   1   0    -2.33871e-03 
	  1   2   0    -2.82858e-03 
termin3
parameters 24
# exponents ... coefficient
	  0   0   0    6.99173e-02 
	  1   0   0    1.67904e-02 
	  0   0   1    1.67597e-02 
	  0   1   0    1.26552e-02 
	  0   2   0    -8.18412e-03 
	  1   2   1    1.51215e-03 
	  2   0   0    -6.77128e-03 
	  1   0   1    -1.37153e-02 
	  0   0   2    -6.13836e-03 
	  2   1   0    -2.88882e-03 
	  1   1   1    1.46669e-03 
	  1   0   3    3.46759e-03 
	  0   2   2    2.72125e-03 
	  2   0   2    5.26468e-03 
	  3   0   1    3.75509e-03 
	  4   0   0    9.93916e-04 
	  0   0   4    5.91570e-04 
	  0   1   1    2.26576e-04 
	  2   2   0    5.77265e-03 
	  1   2   0    -4.37870e-03 
	  0   2   1    -3.03778e-03 
	  1   1   0    1.62333e-03 
	  0   1   2    -9.86500e-04 
	  3   1   0    -8.95921e-04 
termaj1
parameters 25
# exponents ... coefficient
	  0   0   0    9.46813e-02 
	  0   1   0    6.18658e-02 
	  0   0   1    -9.25448e-03 
	  2   1   0    -3.03603e-02 
	  1   0   2    4.07126e-03 
	  0   0   3    1.30075e-03 
	  2   0   1    3.88094e-03 
	  1   0   0    -9.27431e-03 
	  1   1   0    2.57869e-02 
	  0   3   1    -8.02085e-04 
	  0   4   0    -1.17137e-03 
	  2   2   0    1.65925e-02 
	  1   2   0    -8.67158e-03 
	  3   0   0    1.07267e-03 
	  0   0   2    5.98365e-04 
	  1   0   1    1.11220e-03 
	  2   1   1    -3.07636e-03 
	  2   0   0    1.75694e-04 
	  0   2   1    5.17140e-03 
	  1   1   2    -1.88285e-03 
	  0   2   2    8.79459e-04 
	  3   1   0    -2.46561e-03 
	  1   3   0    -4.64638e-03 
	  0   1   1    -1.51363e-03 
	  4   0   0    3.71326e-04 
termaj2
parameters 29
# exponents ... coefficient
	  0   0   0    1.11447e-01 
	  0   1   0    7.97183e-02 
	  0   0   1    -8.48228e-03 
	  2   1   0    -3.61244e-02 
	  2   0   0    -9.97184e-04 
	  0   4   0    2.99369e-03 
	  1   2   0    -1.07857e-02 
	  1   0   0    -8.42633e-03 
	  1   1   0    2.84100e-02 
	  2   2   0    1.86085e-02 
	  0   0   3    1.21527e-03 
	  1   0   2    3.71162e-03 
	  1   2   1    5.79767e-04 
	  2   0   1    3.66897e-03 
	  0   2   1    3.94078e-03 
	  0   0   2    -5.46748e-04 
	  1   0   1    -1.09688e-03 
	  3   0   0    9.73827e-04 
	  2   1   1    -3.57825e-03 
	  0   3   0    -1.19928e-02 
	  0   2   0    4.23921e-03 
	  0   3   1    -7.42290e-04 
	  1   1   2    -1.77979e-03 
	  0   2   2    1.07699e-03 
	  3   1   0    -2.34876e-03 
	  4   0   0    3.74083e-04 
	  1   1   1    1.22186e-03 
	  1   3   0    -3.09123e-03 
	  0   1   1    -7.46800e-04 
termaj3
parameters 22
# exponents ... coefficient
	  0   0   0    1.05433e-01 
	  0   1   0    6.98201e-02 
	  0   0   1    -8.13444e-03 
	  2   1   0    -3.23645e-02 
	  1   1   0    3.49768e-02 
	  1   0   0    -7.85962e-03 
	  0   3   0    -5.84493e-03 
	  0   3   1    -2.16127e-03 
	  1   0   2    3.25719e-03 
	  0   0   3    1.14906e-03 
	  2   0   1    3.30388e-03 
	  2   2   0    1.59240e-02 
	  0   0   2    -5.21909e-04 
	  1   2   0    -1.62848e-02 
	  1   0   1    -9.24328e-04 
	  0   2   1    4.30946e-03 
	  3   0   0    7.72094e-04 
	  2   1   1    -1.85858e-03 
	  3   1   0    -2.03700e-03 
	  1   2   1    1.64274e-03 
	  2   0   0    -9.40160e-04 
	  4   0   0    3.67886e-04 
termaj4
parameters 27
# exponents ... coefficient
	  0   0   0    8.99737e-02 
	  0   1   0    4.34202e-02 
	  0   0   1    -1.05300e-02 
	  2   1   0    -2.19665e-02 
	  1   0   0    -1.02441e-02 
	  1   1   0    2.14241e-02 
	  1   0   2    4.50849e-03 
	  0   0   3    1.54067e-03 
	  2   0   1    4.56878e-03 
	  0   3   1    -1.99549e-03 
	  0   4   0    1.74505e-03 
	  2   2   0    9.92951e-03 
	  3   0   0    1.17448e-03 
	  1   3   0    -1.17512e-03 
	  2   1   1    -3.67868e-03 
	  3   1   0    -1.90544e-03 
	  1   2   0    -6.82264e-03 
	  0   2   0    1.04825e-02 
	  0   3   0    -1.00393e-02 
	  1   2   1    1.60844e-03 
	  0   0   2    1.95607e-04 
	  1   0   1    5.41703e-04 
	  0   2   1    6.03840e-03 
	  1   1   2    -1.43678e-03 
	  0   1   2    8.11154e-04 
	  0   1   1    -2.06080e-03 
	  4   0   0    2.85615e-04 
supra1
parameters 16
# exponents ... coefficient
	  0   0   0    9.26470e-02 
	  0   1   0    -2.06635e-02 
	  2   1   1    -3.54195e-04 
	  0   0   2    -8.73110e-03 
	  1   0   1    -1.66923e-02 
	  0   0   1    9.32720e-03 
	  0   1   2    5.87756e-03 
	  4   0   0    -6.81415e-04 
	  1   0   0    9.53775e-03 
	  2   0   0    -7.97145e-03 
	  2   1   0    6.28841e-03 
	  1   1   0    -3.96196e-03 
	  0   2   1    -3.50969e-03 
	  1   0   2    -1.94772e-03 
	  2   0   1    -1.69057e-03 
	  0   2   0    -1.76540e-03 
supra2
parameters 23
# exponents ... coefficient
	  0   0   0    9.62155e-02 
	  0   1   0    -2.03283e-02 
	  2   1   0    5.56223e-03 
	  1   0   1    -1.70826e-02 
	  0   0   1    1.31805e-02 
	  1   0   0    1.28984e-02 
	  2   0   0    -8.05726e-03 
	  0   0   2    -8.12785e-03 
	  0   1   2    6.60014e-03 
	  1   1   0    -5.54260e-03 
	  0   3   1    -4.23021e-03 
	  0   3   0    -2.81478e-03 
	  2   0   1    -4.16805e-03 
	  1   0   2    -4.43751e-03 
	  3   0   0    -9.65488e-04 
	  0   0   3    -1.37389e-03 
	  1   3   0    1.31656e-03 
	  0   1   1    -2.74233e-03 
	  1   0   3    2.10675e-03 
	  0   2   1    3.22925e-03 
	  2   0   2    2.59281e-03 
	  3   0   1    1.83172e-03 
	  0   0   4    3.34472e-04 
supra3
parameters 29
# exponents ... coefficient
	  0   0   0    1.17928e-01 
	  0   1   0    -2.06065e-02 
	  0   0   1    -8.09091e-03 
	  1   0   0    -8.05181e-03 
	  1   0   1    -1.46969e-02 
	  0   0   2    -6.85631e-03 
	  1   0   2    2.86841e-03 
	  2   2   0    1.27033e-03 
	  2   0   0    -7.08002e-03 
	  1   2   0    -5.60133e-04 
	  0   1   2    2.43277e-03 
	  0   1   1    4.36610e-03 
	  2   0   1    2.91195e-03 
	  0   0   3    1.06340e-03 
	  3   0   0    1.02267e-03 
	  2   1   0    7.15747e-03 
	  1   3   0    9.28263e-04 
	  0   2   2    2.39588e-03 
	  1   1   0    -3.84889e-03 
	  0   2   1    3.08158e-03 
	  2   1   1    -1.30295e-03 
	  0   2   0    -1.96138e-03 
	  1   0   3    1.80601e-03 
	  2   0   2    2.46460e-03 
	  3   0   1    1.95360e-03 
	  0   0   4    2.63835e-04 
	  0   4   0    9.79869e-04 
	  0   1   3    -7.03796e-04 
	  4   0   0    3.56812e-04 
supra4
parameters 29
# exponents ... coefficient
	  0   0   0    9.51160e-02 
	  0   1   0    -2.11236e-02 
	  0   0   1    -9.34049e-03 
	  1   0   0    -9.51077e-03 
	  1   0   1    -1.30895e-02 
	  2   2   0    2.07945e-03 
	  0   0   2    -6.01211e-03 
	  2   0   0    -6.24898e-03 
	  1   0   2    3.01101e-03 
	  0   1   1    4.19048e-03 
	  0   1   2    2.24586e-03 
	  0   0   3    1.00344e-03 
	  2   0   1    3.12828e-03 
	  2   1   0    6.34791e-03 
	  3   0   0    1.15211e-03 
	  0   2   2    3.19242e-03 
	  1   1   0    -2.37674e-03 
	  1   3   0    1.22706e-03 
	  0   2   1    3.04363e-03 
	  0   2   0    -1.93559e-03 
	  1   1   1    -2.12786e-03 
	  0   4   0    1.07662e-03 
	  1   0   3    1.73741e-03 
	  1   1   2    1.23551e-03 
	  3   0   1    1.80718e-03 
	  2   0   2    2.20824e-03 
	  0   0   4    2.55364e-04 
	  1   2   1    1.81823e-03 
	  4   0   0    2.95842e-04 
subscap1
parameters 26
# exponents ... coefficient
	  0   0   0    7.53870e-02 
	  1   0   0    -2.01229e-02 
	  0   0   1    -2.02217e-02 
	  1   1   1    8.06324e-04 
	  1   0   2    1.09371e-02 
	  2   2   0    -4.49345e-03 
	  2   1   1    1.19469e-04 
	  0   1   0    -8.73200e-03 
	  4   0   0    1.64403e-04 
	  0   2   0    9.85556e-03 
	  0   3   1    -1.69833e-03 
	  2   0   1    1.07782e-02 
	  0   0   3    3.64284e-03 
	  3   0   0    3.46108e-03 
	  0   2   1    9.51358e-03 
	  1   0   1    7.92028e-03 
	  0   0   2    3.38916e-03 
	  0   2   2    -3.06084e-03 
	  2   0   0    3.40105e-03 
	  1   1   0    -6.23391e-03 
	  2   1   0    4.87075e-03 
	  1   2   0    5.51272e-03 
	  0   1   3    -1.80079e-03 
	  0   1   1    1.44869e-03 
	  3   1   0    1.60384e-03 
	  1   0   3    -6.77791e-04 
subscap2
parameters 25
# exponents ... coefficient
	  0   0   0    9.85101e-02 
	  1   0   1    1.77616e-02 
	  0   2   0    1.00160e-02 
	  0   0   2    8.12561e-03 
	  1   2   1    -9.01821e-04 
	  0   0   1    -1.37008e-02 
	  4   0   0    -9.24768e-04 
	  1   0   0    -1.44892e-02 
	  0   2   1    4.79909e-03 
	  2   0   0    8.34209e-03 
	  0   1   0    -3.39498e-03 
	  0   1   2    -5.65126e-03 
	  1   0   2    8.12052e-03 
	  2   0   1    7.94424e-03 
	  0   1   1    3.83314e-03 
	  2   1   0    5.16452e-03 
	  3   0   0    2.98621e-03 
	  0   0   3    1.97047e-03 
	  1   0   3    -3.82028e-03 
	  1   1   0    -2.33304e-03 
	  2   0   2    -4.99489e-03 
	  3   0   1    -4.04285e-03 
	  2   2   0    -4.07749e-03 
	  1   2   0    3.28916e-03 
	  0   0   4    -4.99434e-04 
subscap3
parameters 21
# exponents ... coefficient
	  0   0   0    1.17018e-01 
	  1   1   0    -3.55861e-03 
	  0   0   1    -1.98999e-02 
	  1   0   0    -1.97827e-02 
	  0   1   0    -1.29519e-02 
	  2   1   0    5.32573e-03 
	  0   2   1    6.18451e-03 
	  1   0   2    7.46201e-03 
	  2   0   1    7.62795e-03 
	  0   3   0    2.14229e-03 
	  0   0   3    2.92499e-03 
	  3   0   0    2.95363e-03 
	  1   1   2    2.21525e-03 
	  0   2   0    2.26166e-03 
	  1   0   1    1.33936e-03 
	  2   0   2    6.50519e-04 
	  0   1   1    2.60370e-03 
	  0   1   2    -1.24023e-03 
	  0   1   3    -8.35170e-04 
	  1   1   1    -2.23151e-03 
	  1   2   1    1.64946e-03 
subscap4
parameters 8
# exponents ... coefficient
	  0   0   0    1.17650e-01 
	  0   0   1    -2.14788e-02 
	  1   0   0    -2.14007e-02 
	  0   2   0    -1.28405e-03 
	  0   1   2    -1.02461e-03 
	  2   1   1    -4.47865e-03 
	  0   2   1    5.75253e-03 
	  0   1   0    -3.90639e-03 
subscap5
parameters 13
# exponents ... coefficient
	  0   0   0    1.18577e-01 
	  0   0   1    -2.05954e-02 
	  1   0   0    -2.16761e-02 
	  0   2   0    -8.67233e-03 
	  2   2   0    3.63041e-03 
	  0   1   2    -4.28513e-03 
	  1   0   1    -8.99646e-03 
	  1   0   2    9.27498e-03 
	  2   0   1    7.50178e-03 
	  2   0   0    -3.32355e-03 
	  0   0   2    -3.69189e-03 
	  0   0   3    2.54536e-03 
	  3   0   0    2.67094e-03 
subscap6
parameters 19
# exponents ... coefficient
	  0   0   0    1.41951e-01 
	  0   0   1    -2.14976e-02 
	  1   0   0    -2.15305e-02 
	  0   3   1    -1.07688e-03 
	  0   1   1    -1.17469e-02 
	  0   2   1    1.36038e-02 
	  2   1   1    -3.20711e-03 
	  2   0   0    -3.96706e-03 
	  1   0   1    -7.56014e-03 
	  2   0   1    8.03234e-03 
	  1   0   3    -9.69415e-05 
	  1   0   2    7.27886e-03 
	  3   0   0    2.92391e-03 
	  0   0   2    -4.35506e-03 
	  0   0   3    2.74008e-03 
	  0   2   0    -3.77572e-03 
	  0   1   0    2.64483e-03 
	  1   3   0    1.90889e-03 
	  1   1   0    -1.45198e-03 
subscap7
parameters 17
# exponents ... coefficient
	  0   0   0    1.37108e-01 
	  0   0   1    -2.05957e-02 
	  1   0   0    -2.03470e-02 
	  0   4   0    5.34206e-06 
	  0   1   1    -1.22355e-02 
	  0   2   1    1.00125e-02 
	  1   0   2    7.53718e-03 
	  0   0   3    2.39628e-03 
	  2   0   1    8.21548e-03 
	  2   1   1    -4.40236e-03 
	  3   0   0    2.63231e-03 
	  2   0   0    -2.45393e-03 
	  1   0   1    -4.16583e-03 
	  0   0   2    -2.92130e-03 
	  1   1   2    -2.17726e-03 
	  0   0   4    4.81377e-04 
	  0   1   0    4.72513e-04 
subscap8
parameters 7
# exponents ... coefficient
	  0   0   0    9.45145e-02 
	  0   0   1    -1.91300e-02 
	  1   0   0    -1.94102e-02 
	  0   3   1    2.92433e-04 
	  0   1   1    -1.25662e-02 
	  0   2   1    1.13410e-02 
	  1   2   1    -2.48641e-03 
subscap9
parameters 20
# exponents ... coefficient
	  0   0   0    1.13501e-01 
	  0   0   1    -1.84063e-02 
	  1   0   0    -1.80051e-02 
	  0   1   1    -1.27076e-02 
	  0   3   1    7.31888e-04 
	  0   2   0    1.96949e-03 
	  2   0   1    7.36376e-03 
	  1   0   2    6.52168e-03 
	  0   0   3    2.64539e-03 
	  3   0   0    2.51986e-03 
	  0   2   1    8.34656e-03 
	  0   1   0    1.40710e-03 
	  2   0   0    -1.43848e-03 
	  2   1   1    -2.52148e-03 
	  1   0   1    -2.13113e-03 
	  1   2   1    2.53302e-03 
	  0   0   2    -1.51261e-03 
	  0   1   2    1.84644e-03 
	  1   2   0    1.91925e-03 
	  2   1   0    -1.28165e-03 
subscap10
parameters 23
# exponents ... coefficient
	  0   0   0    5.76636e-02 
	  0   0   1    -1.47372e-02 
	  1   0   0    -1.44083e-02 
	  0   1   0    1.38032e-02 
	  2   1   0    -7.73253e-03 
	  1   1   0    9.24895e-03 
	  1   0   2    6.25824e-03 
	  1   2   1    6.11397e-03 
	  2   0   1    6.41591e-03 
	  0   0   3    2.18849e-03 
	  3   0   0    1.76285e-03 
	  2   1   1    -3.45180e-03 
	  1   0   1    -2.22132e-03 
	  2   0   0    -9.19814e-04 
	  0   0   2    -1.27322e-03 
	  0   2   2    3.37357e-03 
	  0   2   0    4.05419e-03 
	  0   3   0    -1.55033e-03 
	  2   2   0    2.72328e-03 
	  1   2   0    -2.34973e-03 
	  0   1   1    -2.91471e-03 
	  0   2   1    3.47831e-03 
	  1   1   2    -1.48325e-03 
subscap11
parameters 28
# exponents ... coefficient
	  0   0   0    3.84621e-02 
	  0   1   0    2.13074e-02 
	  0   0   1    -1.21958e-02 
	  1   0   0    -1.20092e-02 
	  2   1   0    -1.17645e-02 
	  1   1   0    1.54006e-02 
	  1   0   2    6.10800e-03 
	  2   0   1    6.12626e-03 
	  0   0   3    2.03443e-03 
	  1   2   1    4.45687e-03 
	  3   0   0    1.78132e-03 
	  0   0   4    -5.32549e-05 
	  1   0   1    2.07683e-03 
	  0   2   1    2.55388e-03 
	  4   0   0    2.79668e-04 
	  0   0   2    1.19561e-03 
	  1   3   0    -4.12442e-03 
	  2   2   0    7.73557e-03 
	  0   3   1    -1.59600e-03 
	  2   0   0    7.57331e-04 
	  2   1   1    -6.28697e-03 
	  3   1   0    -2.99272e-03 
	  1   1   2    -3.70766e-03 
	  0   2   2    1.72494e-03 
	  1   2   0    -3.56062e-03 
	  0   1   1    2.39087e-03 
	  0   1   3    -8.49337e-04 
	  0   4   0    6.15035e-04 
bicl
parameters 17
# exponents ... coefficient
	  0   0   0   0   0    3.78317e-01 
	  1   1   0   1   0    -1.18869e-02 
	  0   0   0   0   4    -6.70932e-06 
	  0   0   1   1   0    -1.82821e-03 
	  0   0   0   3   0    1.34445e-01 
	  1   0   0   0   0    -1.26073e-02 
	  0   1   0   0   0    -8.46936e-03 
	  2   0   2   0   0    9.55312e-04 
	  0   1   1   1   0    4.80812e-04 
	  1   0   2   0   0    1.05393e-03 
	  0   0   0   3   1    -5.67979e-02 
	  1   2   0   1   0    8.76102e-03 
	  0   0   1   0   0    -1.11588e-02 
	  0   1   1   0   0    1.77685e-02 
	  1   1   2   0   0    7.64079e-03 
	  0   0   0   2   0    -8.09253e-02 
	  0   0   0   2   2    1.10739e-02 
bicb1
parameters 10
# exponents ... coefficient
	  0   0   0   0   0    3.50886e-01 
	  1   1   0   1   0    -1.10294e-03 
	  0   0   0   0   4    9.61436e-05 
	  1   1   0   0   0    -2.88641e-02 
	  0   0   0   2   0    -3.51248e-02 
	  0   1   2   0   0    5.51943e-04 
	  1   0   1   0   2    3.12168e-04 
	  0   0   1   0   0    -9.23429e-04 
	  0   0   2   1   1    6.47574e-04 
	  0   0   0   3   1    6.93765e-03 
triclong1
parameters 23
# exponents ... coefficient
	  0   0   0   0    2.89004e-01 
	  0   1   0   1    8.43756e-05 
	  0   0   1   1    1.04276e-03 
	  0   1   0   0    3.62154e-02 
	  0   0   0   1    1.82560e-02 
	  4   0   0   0    5.98010e-04 
	  1   0   0   0    3.87228e-03 
	  0   0   1   0    3.17877e-03 
	  2   1   0   0    -1.58475e-02 
	  1   1   0   0    1.95294e-02 
	  0   1   3   0    1.29562e-04 
	  1   0   1   0    2.05817e-03 
	  0   0   2   0    1.11793e-03 
	  1   0   2   0    -1.65771e-03 
	  0   4   0   0    1.70136e-03 
	  0   0   3   0    -6.63463e-04 
	  2   0   1   0    -1.54873e-03 
	  0   3   1   0    -6.90817e-04 
	  3   0   0   0    -1.36524e-03 
	  0   0   0   2    4.35287e-03 
	  0   2   0   0    1.08419e-02 
	  0   3   0   0    -1.13269e-02 
	  1   0   0   1    9.03114e-04 
triclong2
parameters 36
# exponents ... coefficient
	  0   0   0   0    2.90536e-01 
	  0   1   0   1    5.87293e-05 
	  0   0   1   1    1.62770e-03 
	  2   1   0   1    -7.28626e-05 
	  0   1   0   0    2.77234e-02 
	  0   0   0   1    1.73831e-02 
	  0   0   1   0    2.10230e-03 
	  2   1   0   0    -1.33676e-02 
	  1   1   0   0    6.39690e-03 
	  1   0   0   0    2.45687e-03 
	  1   0   1   0    6.58951e-04 
	  1   0   3   0    -2.00134e-05 
	  1   0   2   1    -1.87880e-04 
	  0   0   3   1    -6.52337e-05 
	  2   0   1   1    -1.77184e-04 
	  0   0   2   0    3.23877e-04 
	  0   0   0   2    8.68172e-03 
	  2   2   0   0    3.65813e-03 
	  1   3   0   0    8.54814e-04 
	  0   2   0   0    8.73005e-03 
	  0   3   0   0    -5.46426e-03 
	  0   2   2   0    -4.28375e-04 
	  0   1   1   0    1.55388e-03 
	  1   0   2   0    -1.05101e-03 
	  0   2   1   0    -1.67120e-03 
	  0   0   3   0    -3.60119e-04 
	  2   0   1   0    -1.11506e-03 
	  3   0   0   0    -5.69841e-04 
	  4   0   0   0    2.51449e-04 
	  2   1   1   0    3.98295e-04 
	  1   2   0   0    -3.15011e-03 
	  1   0   0   1    6.26611e-04 
	  0   0   0   3    -3.97056e-03 
	  0   1   3   0    -1.57748e-04 
	  0   1   2   0    2.10780e-04 
	  0   0   1   2    -9.24428e-04 
triclong3
parameters 27
# exponents ... coefficient
	  0   0   0   0    2.92655e-01 
	  0   1   0   1    1.01472e-04 
	  0   0   1   1    7.64932e-04 
	  0   1   0   0    2.54363e-02 
	  0   0   0   1    1.86356e-02 
	  4   0   0   0    4.15548e-04 
	  1   0   0   1    6.99630e-04 
	  0   0   1   0    2.09201e-03 
	  2   1   0   1    -4.10696e-05 
	  1   1   0   1    -1.07312e-04 
	  0   0   3   0    -4.20858e-04 
	  1   0   0   0    2.69482e-03 
	  2   1   0   0    -1.13330e-02 
	  1   1   0   0    1.35988e-02 
	  0   0   4   0    -6.49951e-06 
	  1   0   1   0    1.40334e-03 
	  1   0   2   0    -1.15601e-03 
	  0   0   2   0    7.52318e-04 
	  2   0   1   0    -1.05742e-03 
	  0   4   0   0    1.53699e-03 
	  3   0   0   0    -9.63136e-04 
	  0   3   1   0    5.69229e-04 
	  0   0   0   2    4.20094e-03 
	  0   2   0   0    9.43164e-03 
	  0   1   1   0    1.36449e-03 
	  0   3   0   0    -8.83008e-03 
	  0   2   1   0    -2.10551e-03 
triclong4
parameters 36
# exponents ... coefficient
	  0   0   0   0    2.90536e-01 
	  0   1   0   1    5.87293e-05 
	  0   0   1   1    1.62770e-03 
	  2   1   0   1    -7.28626e-05 
	  0   1   0   0    2.77234e-02 
	  0   0   0   1    1.73831e-02 
	  0   0   1   0    2.10230e-03 
	  2   1   0   0    -1.33676e-02 
	  1   1   0   0    6.39690e-03 
	  1   0   0   0    2.45687e-03 
	  1   0   1   0    6.58951e-04 
	  1   0   3   0    -2.00134e-05 
	  1   0   2   1    -1.87880e-04 
	  0   0   3   1    -6.52337e-05 
	  2   0   1   1    -1.77184e-04 
	  0   0   2   0    3.23877e-04 
	  0   0   0   2    8.68172e-03 
	  2   2   0   0    3.65813e-03 
	  1   3   0   0    8.54814e-04 
	  0   2   0   0    8.73005e-03 
	  0   3   0   0    -5.46426e-03 
	  0   2   2   0    -4.28375e-04 
	  0   1   1   0    1.55388e-03 
	  1   0   2   0    -1.05101e-03 
	  0   2   1   0    -1.67120e-03 
	  0   0   3   0    -3.60119e-04 
	  2   0   1   0    -1.11506e-03 
	  3   0   0   0    -5.69841e-04 
	  4   0   0   0    2.51449e-04 
	  2   1   1   0    3.98295e-04 
	  1   2   0   0    -3.15011e-03 
	  1   0   0   1    6.26611e-04 
	  0   0   0   3    -3.97056e-03 
	  0   1   3   0    -1.57748e-04 
	  0   1   2   0    2.10780e-04 
	  0   0   1   2    -9.24428e-04 
latdorsi1
parameters 19
# exponents ... coefficient
	  0   0   0   0   0   0   0   0   0    2.48547e-01 
	  1   0   0   0   0   0   0   0   0    1.25285e-01 
	  0   0   1   0   0   0   0   0   0    8.03328e-02 
	  0   0   0   0   1   0   0   0   0    8.01017e-02 
	  0   0   0   0   0   0   0   0   1    -1.38074e-02 
	  0   0   0   1   0   0   1   0   0    -1.62351e-02 
	  0   1   0   0   0   0   0   0   0    6.27969e-02 
	  0   0   0   0   0   0   0   1   0    3.86141e-02 
	  0   0   0   1   0   0   0   3   0    -4.09455e-03 
	  0   0   0   0   0   1   0   0   0    4.72207e-02 
	  0   0   0   1   0   1   0   0   0    -2.93696e-02 
	  0   2   0   0   0   0   0   0   0    6.07277e-02 
	  0   0   0   0   0   0   2   1   0    -1.24553e-02 
	  0   0   0   1   0   0   0   2   1    4.34362e-03 
	  0   1   0   1   0   0   1   0   0    -1.56314e-02 
	  0   0   0   0   3   0   0   1   0    -9.99527e-03 
	  0   0   1   1   0   0   0   1   0    -2.22712e-02 
	  0   0   0   1   1   0   0   1   0    -2.11333e-02 
	  0   0   0   1   0   0   1   1   0    1.04405e-02 
latdorsi2
parameters 13
# exponents ... coefficient
	  0   0   0   0   0   0   0   0   0    2.71993e-01 
	  1   0   0   0   0   0   0   0   0    1.12721e-01 
	  0   0   1   0   0   0   0   0   0    7.53033e-02 
	  0   0   0   0   1   0   0   0   0    6.76913e-02 
	  0   0   0   0   0   0   0   0   1    -1.23487e-02 
	  0   1   0   0   0   0   0   0   0    1.03954e-01 
	  0   0   0   0   0   0   0   1   0    4.28473e-02 
	  0   0   0   1   0   0   2   1   0    -7.42144e-03 
	  0   0   0   0   0   1   0   0   0    4.85950e-02 
	  0   0   0   1   0   0   1   0   0    -1.36135e-02 
	  0   0   0   1   0   0   0   3   0    -6.30114e-03 
	  0   1   0   2   0   0   1   0   0    -2.21666e-02 
	  0   0   0   1   0   1   0   0   0    -1.95877e-02 
latdorsi3
parameters 12
# exponents ... coefficient
	  0   0   0   0   0   0   0   0   0    2.97082e-01 
	  1   0   0   0   0   0   0   0   0    9.64965e-02 
	  0   0   1   0   0   0   0   0   0    7.46772e-02 
	  0   0   0   0   0   0   0   0   1    -1.25693e-02 
	  0   0   0   0   1   0   0   0   0    6.57050e-02 
	  0   1   0   0   0   0   0   0   0    1.25310e-01 
	  0   0   0   0   0   0   0   1   0    4.14552e-02 
	  0   0   0   1   0   0   2   1   0    -7.82091e-03 
	  0   0   0   0   0   1   0   0   0    3.23981e-02 
	  0   0   0   1   0   0   1   0   0    -1.24989e-02 
	  0   1   0   2   0   0   1   0   0    -2.31652e-02 
	  0   0   0   0   0   0   0   4   0    -3.08326e-03 
latdorsi4
parameters 13
# exponents ... coefficient
	  0   0   0   0   0   0   0   0   0    3.27934e-01 
	  1   0   0   0   0   0   0   0   0    7.37668e-02 
	  0   0   0   0   0   0   0   1   1    -2.08004e-02 
	  0   0   1   0   0   0   0   0   0    6.61374e-02 
	  0   0   0   0   1   0   0   0   0    5.69657e-02 
	  0   1   0   0   0   0   0   0   0    1.38221e-01 
	  0   0   0   1   0   0   1   0   0    -1.27010e-02 
	  0   0   0   0   0   0   0   1   0    3.49660e-02 
	  0   0   0   0   0   1   0   0   0    3.03833e-02 
	  0   0   0   0   0   0   0   0   1    -7.45982e-03 
	  0   0   0   0   0   0   0   2   1    1.44398e-02 
	  0   0   0   0   0   0   2   1   0    -7.53520e-03 
	  0   1   0   2   0   0   1   0   0    -1.67424e-02 
latdorsi5
parameters 13
# exponents ... coefficient
	  0   0   0   0   0   0   0   0   0    2.77211e-01 
	  0   0   0   0   0   0   0   1   1    -1.58101e-02 
	  1   0   0   1   0   0   1   0   0    7.17290e-04 
	  0   0   1   0   0   0   0   0   0    5.88453e-02 
	  0   1   0   0   0   0   0   0   0    1.38401e-01 
	  0   0   0   0   1   0   0   0   0    4.99397e-02 
	  0   0   0   0   0   0   0   1   0    2.85345e-02 
	  1   0   0   0   0   1   0   0   0    1.33215e-03 
	  1   0   0   0   0   0   0   0   0    4.76171e-02 
	  0   0   0   0   0   0   1   2   1    8.89447e-03 
	  0   0   0   0   0   1   0   0   0    3.04403e-02 
	  0   0   0   1   0   0   1   0   0    -1.25886e-02 
	  0   0   0   0   0   0   0   0   1    -5.98427e-03 
latdorsi6
parameters 12
# exponents ... coefficient
	  0   0   0   0   0   0   0   0   0    2.30660e-01 
	  0   0   0   0   0   0   0   1   1    -2.59590e-02 
	  1   0   0   1   0   0   1   0   0    1.61134e-02 
	  0   0   1   0   0   0   0   0   0    6.05142e-02 
	  0   1   0   0   0   0   0   0   0    1.42899e-01 
	  0   0   0   0   1   0   0   0   0    6.29744e-02 
	  0   0   0   0   0   0   0   1   0    3.46896e-02 
	  1   0   0   0   0   1   0   0   0    -3.16899e-02 
	  0   0   0   0   0   0   1   2   1    1.37070e-02 
	  1   0   0   0   1   0   0   0   0    2.03472e-02 
	  1   0   0   0   0   0   0   0   0    2.01002e-02 
	  0   0   0   1   0   1   1   1   0    1.93463e-02 
pectmajt1
parameters 21
# exponents ... coefficient
	  0   0   0   0   0   0   0   0   0    1.26658e-01 
	  0   1   0   0   0   0   0   0   0    1.60642e-01 
	  1   0   0   0   0   0   0   1   1    4.98259e-03 
	  0   0   0   1   0   0   1   0   0    -1.93740e-02 
	  0   0   0   0   1   0   0   0   0    6.00624e-02 
	  0   0   1   1   0   0   0   0   0    7.46103e-02 
	  1   0   0   0   0   1   0   0   0    6.78154e-03 
	  0   0   0   0   0   0   0   0   1    -1.39926e-02 
	  1   0   0   0   0   0   0   0   0    -4.46874e-02 
	  0   0   0   0   0   0   0   1   0    3.73316e-02 
	  0   0   0   0   0   1   0   0   0    -7.50981e-02 
	  1   0   0   1   0   0   1   1   0    1.97329e-02 
	  0   0   0   0   0   1   1   1   0    7.57676e-02 
	  0   0   1   0   0   0   1   1   0    4.78848e-02 
	  0   0   0   1   0   0   1   1   0    -2.44065e-02 
	  0   1   0   1   0   0   1   1   0    -5.02575e-02 
	  0   0   1   0   0   0   0   0   0    -5.78126e-02 
	  0   0   0   4   0   0   0   0   0    -6.54985e-03 
	  0   0   0   2   1   0   0   1   0    1.25569e-02 
	  0   0   0   0   0   0   0   0   2    3.80283e-03 
	  0   0   0   0   0   0   3   0   1    5.61933e-03 
pectmajt2
parameters 25
# exponents ... coefficient
	  0   0   0   0   0   0   0   0   0    1.65280e-01 
	  1   0   0   0   0   0   0   1   1    5.51495e-04 
	  0   1   0   0   0   0   0   0   0    1.38927e-01 
	  0   0   0   1   0   0   1   0   0    -1.79000e-02 
	  0   0   0   0   1   0   0   0   0    8.78601e-02 
	  1   0   0   1   0   1   0   0   0    5.00165e-03 
	  0   0   1   1   0   0   0   0   0    6.88568e-02 
	  0   0   0   0   0   0   0   0   1    -1.61007e-02 
	  1   0   0   0   0   0   0   0   0    -3.64805e-02 
	  0   0   0   0   0   1   0   0   0    -7.26273e-02 
	  0   0   0   0   0   0   0   1   0    4.47146e-02 
	  0   0   0   1   0   0   1   1   0    -5.16549e-03 
	  0   0   0   1   0   1   0   1   0    8.17655e-02 
	  0   0   1   1   0   0   0   1   0    1.12303e-01 
	  0   0   0   1   1   0   0   0   0    -2.02554e-02 
	  0   0   0   2   1   0   0   1   0    8.01080e-03 
	  0   0   0   0   0   0   0   0   2    4.38294e-03 
	  0   1   0   1   0   0   1   1   0    -3.86626e-02 
	  0   0   1   2   0   0   0   1   0    -6.34331e-02 
	  0   0   1   0   0   0   0   0   0    -6.08911e-02 
	  0   0   0   2   0   0   0   0   0    -2.20053e-02 
	  0   0   0   0   0   0   1   1   0    -3.95579e-02 
	  0   0   0   2   0   1   0   0   0    -3.29765e-02 
	  0   0   0   0   0   0   1   0   1    5.17787e-03 
	  0   0   0   0   2   0   0   1   0    -1.44412e-02 
pectmajt3
parameters 23
# exponents ... coefficient
	  0   0   0   0   0   0   0   0   0    1.77361e-01 
	  1   0   0   0   0   0   0   0   1    9.24087e-04 
	  0   1   0   0   0   0   0   0   0    1.27026e-01 
	  0   0   0   1   0   0   1   0   0    -1.74158e-02 
	  0   0   0   0   1   0   0   0   0    7.29360e-02 
	  1   0   0   1   0   1   0   0   0    8.44710e-03 
	  0   0   1   1   0   0   0   0   0    5.55144e-02 
	  1   0   0   0   1   0   0   0   0    -5.49696e-03 
	  0   0   0   0   0   0   0   0   1    -1.54457e-02 
	  0   0   0   3   0   0   0   0   0    -1.79869e-02 
	  1   0   0   0   0   0   0   1   0    -3.80467e-03 
	  0   0   0   0   0   1   0   0   0    -3.31045e-02 
	  0   0   0   0   0   0   1   1   0    -5.05991e-02 
	  0   0   0   0   0   0   0   1   0    4.46602e-02 
	  1   0   0   0   0   0   0   0   0    -2.72545e-02 
	  0   0   1   0   0   0   0   0   0    -4.44778e-02 
	  0   0   0   1   0   1   0   1   0    7.86992e-02 
	  0   0   1   0   0   0   0   1   0    3.79574e-02 
	  0   0   0   1   0   1   0   0   0    -7.73043e-02 
	  0   0   0   0   0   0   0   0   2    4.25111e-03 
	  0   1   0   2   0   0   0   1   0    -2.94960e-02 
	  0   0   0   0   2   0   0   1   0    -1.60973e-02 
	  0   0   0   0   0   0   1   0   1    4.79814e-03 
pectmajt4
parameters 25
# exponents ... coefficient
	  0   0   0   0   0   0   0   0   0    1.66064e-01 
	  1   0   0   0   0   0   0   0   1    1.83772e-03 
	  0   1   0   0   0   0   0   0   0    1.05719e-01 
	  0   0   0   1   0   0   1   0   0    -1.62228e-02 
	  1   0   0   1   0   1   0   0   0    1.27746e-02 
	  1   0   0   0   1   0   0   0   0    -8.05645e-03 
	  0   0   1   1   0   0   0   0   0    8.16994e-02 
	  0   0   0   0   1   0   0   0   0    8.76332e-02 
	  0   0   0   0   0   0   0   0   1    -1.51374e-02 
	  1   0   0   0   0   0   0   0   0    -3.12528e-02 
	  0   0   0   0   0   1   0   0   0    -9.48186e-02 
	  0   0   0   1   1   0   0   0   0    -2.68468e-02 
	  0   0   0   1   0   1   1   1   0    8.25036e-03 
	  0   0   1   0   0   0   0   1   0    5.88664e-02 
	  0   0   0   1   0   0   1   1   0    -7.68335e-02 
	  0   0   0   0   0   0   0   1   0    3.40448e-02 
	  0   0   0   0   0   0   0   0   2    4.89021e-03 
	  0   0   0   0   0   1   0   1   0    5.54297e-02 
	  0   0   1   0   0   0   0   0   0    -7.38564e-02 
	  0   0   0   3   0   0   0   0   0    -1.29236e-02 
	  0   1   0   1   0   0   1   1   0    -2.64081e-02 
	  0   0   0   0   2   0   1   1   0    -1.56672e-02 
	  0   0   1   2   0   0   0   1   0    -2.62414e-02 
	  0   0   0   2   0   0   1   1   0    3.55209e-02 
	  0   0   0   0   0   0   1   0   1    5.59264e-03 
pectmajt5
parameters 23
# exponents ... coefficient
	  0   0   0   0   0   0   0   0   0    1.83256e-01 
	  0   1   0   0   0   0   0   0   0    5.25393e-02 
	  1   0   0   0   0   0   0   0   1    4.25457e-03 
	  0   0   0   1   0   0   1   1   0    -3.35341e-02 
	  0   0   0   1   0   1   0   0   0    -7.52578e-02 
	  0   0   0   0   1   0   0   0   0    8.84192e-02 
	  0   0   1   0   0   0   0   1   0    1.35607e-02 
	  1   0   0   0   0   0   0   0   0    -2.73245e-02 
	  0   0   0   0   0   0   0   2   1    -1.19571e-03 
	  0   0   0   2   0   0   0   0   0    -1.54601e-02 
	  0   0   0   0   0   0   0   0   1    -1.23170e-02 
	  0   0   0   0   0   0   1   0   0    -1.77448e-02 
	  0   0   0   1   0   1   0   2   0    2.75344e-02 
	  0   0   0   1   1   0   0   0   0    -3.56791e-02 
	  0   0   0   0   0   0   0   1   0    1.87349e-02 
	  0   0   0   0   0   0   1   0   2    9.42850e-03 
	  0   0   0   0   2   0   0   1   0    -1.84815e-02 
	  0   1   0   0   0   0   1   2   0    -1.41082e-02 
	  2   0   0   0   0   0   0   0   0    -9.61760e-03 
	  0   0   1   2   0   0   1   0   0    4.99922e-03 
	  0   0   0   0   0   0   2   0   1    7.76824e-03 
	  0   0   0   0   1   2   0   0   0    -1.96618e-02 
	  0   0   0   0   0   0   0   0   3    2.15948e-03 
pectmajt6
parameters 23
# exponents ... coefficient
	  0   0   0   0   0   0   0   0   0    2.04001e-01 
	  0   1   0   0   0   0   0   0   0    3.28215e-02 
	  0   0   0   1   0   0   1   1   0    -4.53431e-02 
	  0   0   0   1   0   1   0   0   0    -1.16188e-01 
	  1   0   0   0   0   0   0   1   2    -1.53685e-03 
	  0   0   0   0   1   0   0   0   0    7.43609e-02 
	  0   0   1   0   0   0   0   1   0    1.05265e-02 
	  0   0   0   0   0   0   0   0   1    -9.35773e-03 
	  1   0   0   0   0   0   0   0   0    -1.17792e-02 
	  0   0   0   2   0   0   1   0   0    4.19158e-03 
	  0   0   0   2   1   0   0   0   0    -2.40584e-02 
	  0   0   0   2   0   1   0   0   0    3.17581e-02 
	  0   0   0   0   2   0   1   0   0    -7.89802e-04 
	  0   0   0   0   0   0   0   1   0    1.86919e-02 
	  0   0   0   1   0   1   0   2   0    2.31527e-02 
	  2   0   0   0   0   0   0   0   0    -6.19738e-03 
	  0   0   0   1   0   0   0   0   0    -2.71408e-02 
	  0   0   0   0   0   0   1   0   0    -1.89330e-02 
	  0   0   0   0   0   0   1   0   2    4.51495e-03 
	  0   1   0   0   0   0   1   2   0    -9.19902e-03 
	  1   0   0   0   0   0   0   1   0    -5.62858e-03 
	  0   0   0   0   2   0   0   1   0    -1.71041e-02 
	  0   0   1   2   0   0   1   0   0    3.49126e-03 
pectmajc1
parameters 19
# exponents ... coefficient
	  0   0   0   0   0   0    1.91942e-01 
	  1   0   0   1   1   0    -3.49195e-02 
	  1   0   1   0   0   0    -6.76251e-02 
	  0   0   0   0   0   1    -1.06657e-02 
	  0   1   0   0   0   0    6.94091e-02 
	  2   1   0   0   0   0    -2.38985e-02 
	  0   0   0   0   1   2    5.06347e-03 
	  2   0   0   0   0   0    -1.27083e-02 
	  0   2   0   1   1   0    -1.01353e-02 
	  0   0   0   0   1   1    7.15123e-03 
	  0   0   0   1   0   0    -1.17312e-02 
	  1   0   1   0   2   0    3.31812e-02 
	  0   0   1   0   1   0    -2.42166e-02 
	  0   1   0   0   3   0    -7.20766e-03 
	  0   2   1   0   0   0    -1.98470e-02 
	  0   0   0   1   0   2    4.50431e-03 
	  0   0   0   2   0   1    4.46325e-03 
	  0   0   0   0   0   3    1.17677e-03 
	  0   2   0   0   0   0    -8.98551e-03 
pectmajc2
parameters 19
# exponents ... coefficient
	  0   0   0   0   0   0    1.59249e-01 
	  1   0   0   1   1   0    -2.59233e-02 
	  1   0   1   0   0   0    -6.35026e-02 
	  0   1   0   0   0   0    5.99369e-02 
	  0   0   0   0   0   1    -1.22879e-02 
	  2   1   0   0   0   0    -1.91319e-02 
	  0   0   0   0   1   2    6.93769e-03 
	  1   0   0   0   0   0    -2.21134e-02 
	  0   2   0   1   1   0    -5.83051e-03 
	  0   0   0   0   1   1    1.04534e-02 
	  0   0   0   1   0   0    -1.44542e-02 
	  2   0   1   0   1   0    1.55795e-02 
	  0   1   0   0   1   0    -1.02484e-02 
	  0   0   0   1   0   2    5.71156e-03 
	  0   0   0   2   0   1    6.35269e-03 
	  1   0   0   3   0   0    3.75610e-03 
	  1   0   0   0   0   3    1.52562e-03 
	  0   2   1   0   0   0    -1.63251e-02 
	  0   2   0   0   0   0    -7.91483e-03 
tricmed1
parameters 4
# exponents ... coefficient
	  0    1.45386e-01 
	  1    2.55446e-02 
	  2    -9.54447e-03 
	  3    4.53111e-03 
tricmed2
parameters 4
# exponents ... coefficient
	  0    1.68972e-01 
	  1    2.56186e-02 
	  2    -7.25761e-03 
	  4    2.61655e-03 
tricmed3
parameters 4
# exponents ... coefficient
	  0    5.53802e-02 
	  1    2.11972e-02 
	  2    -5.47134e-03 
	  3    2.71465e-03 
tricmed4
parameters 4
# exponents ... coefficient
	  0    9.28250e-02 
	  1    2.51691e-02 
	  2    -6.51305e-03 
	  4    1.90782e-03 
tricmed5
parameters 4
# exponents ... coefficient
	  0    1.35994e-01 
	  1    2.56543e-02 
	  2    -7.10922e-03 
	  4    2.41766e-03 
brachialis1
parameters 4
# exponents ... coefficient
	  0    1.88249e-01 
	  2    1.13815e-02 
	  1    -1.08533e-02 
	  3    -1.77392e-02 
brachialis2
parameters 4
# exponents ... coefficient
	  0    1.80489e-01 
	  1    -1.06969e-02 
	  4    -8.23315e-03 
	  3    1.83175e-03 
brachialis3
parameters 4
# exponents ... coefficient
	  0    1.46204e-01 
	  1    -9.66987e-03 
	  2    -3.77077e-03 
	  3    -6.29564e-04 
brachialis4
parameters 4
# exponents ... coefficient
	  0    1.42636e-01 
	  2    1.53101e-03 
	  1    -9.69428e-03 
	  4    -8.62516e-03 
brachialis5
parameters 4
# exponents ... coefficient
	  0    1.10102e-01 
	  1    -8.77674e-03 
	  2    -3.05569e-03 
	  3    -8.50360e-04 
brachialis6
parameters 4
# exponents ... coefficient
	  0    9.77104e-02 
	  1    -8.68302e-03 
	  2    -3.28828e-03 
	  3    -6.18296e-04 
brachialis7
parameters 3
# exponents ... coefficient
	  0    9.50344e-02 
	  1    -8.61071e-03 
	  3    -3.00728e-03 
brachiorad1
parameters 10
# exponents ... coefficient
	  0   0    3.26739e-01 
	  2   0    -3.15201e-02 
	  2   2    2.83613e-04 
	  1   3    -3.01614e-04 
	  1   1    -1.32388e-02 
	  1   2    5.26781e-03 
	  0   4    -1.97307e-05 
	  1   0    2.88701e-03 
	  4   0    3.16756e-03 
	  3   1    -1.51602e-03 
brachiorad2
parameters 7
# exponents ... coefficient
	  0   0    3.15615e-01 
	  2   0    1.31057e-01 
	  2   2    2.53878e-03 
	  2   1    -6.92387e-03 
	  1   0    -5.00549e-02 
	  3   0    -2.00774e-01 
	  4   0    9.65785e-02 
brachiorad3
parameters 10
# exponents ... coefficient
	  0   0    2.98046e-01 
	  1   0    -1.78779e-02 
	  1   3    -6.57531e-04 
	  2   1    -3.05158e-02 
	  1   2    4.54314e-03 
	  0   4    7.18177e-05 
	  4   0    -9.16230e-02 
	  3   1    2.89337e-02 
	  3   0    6.72796e-02 
	  0   3    -2.60127e-04 
pronteres1
parameters 14
# exponents ... coefficient
	  0   0    1.46238e-01 
	  1   3    1.73683e-04 
	  0   1    1.24371e-02 
	  2   0    -6.11663e-03 
	  1   0    3.94016e-03 
	  0   2    -7.92634e-03 
	  0   4    1.25401e-04 
	  1   1    -4.69810e-03 
	  4   0    3.71878e-04 
	  2   2    -2.25134e-04 
	  0   3    4.81094e-04 
	  3   0    2.81121e-04 
	  1   2    4.93478e-04 
	  2   1    4.65250e-04 
pronteres2
parameters 4
# exponents ... coefficient
	  0    8.18043e-02 
	  1    8.16368e-04 
	  4    1.82347e-04 
	  2    -3.91914e-03 
supinator1
parameters 4
# exponents ... coefficient
	  0    2.08225e-02 
	  1    1.43401e-02 
	  2    -3.01659e-03 
	  4    4.71523e-05 
supinator2
parameters 4
# exponents ... coefficient
	  0    1.85098e-02 
	  1    1.32175e-02 
	  2    -2.68323e-03 
	  4    3.63249e-05 
supinator3
parameters 4
# exponents ... coefficient
	  0    1.65056e-02 
	  1    1.13976e-02 
	  2    -2.10436e-03 
	  4    1.85105e-05 
supinator4
parameters 4
# exponents ... coefficient
	  0    1.56163e-02 
	  1    1.05854e-02 
	  2    -1.96421e-03 
	  4    1.48952e-05 
supinator5
parameters 4
# exponents ... coefficient
	  0    1.61100e-02 
	  1    9.82087e-03 
	  2    -1.86115e-03 
	  4    1.29664e-05 
pronquad1
parameters 4
# exponents ... coefficient
	  0    3.89683e-02 
	  1    -5.11884e-03 
	  4    9.52118e-05 
	  2    -5.36450e-04 
pronquad2
parameters 4
# exponents ... coefficient
	  0    3.58244e-02 
	  4    -1.26461e-04 
	  1    -1.21330e-02 
	  3    1.19204e-03 
pronquad3
parameters 4
# exponents ... coefficient
	  1    -2.85459e-02 
	  0    4.24288e-02 
	  2    8.98230e-03 
	  4    -1.64995e-04 
triclat1
parameters 4
# exponents ... coefficient
	  0    2.22438e-01 
	  1    1.88101e-02 
	  2    6.60626e-03 
	  3    -3.87054e-03 
triclat2
parameters 4
# exponents ... coefficient
	  0    2.24658e-01 
	  1    2.05409e-02 
	  2    5.09849e-03 
	  3    -3.81316e-03 
triclat3
parameters 4
# exponents ... coefficient
	  0    2.29715e-01 
	  1    2.07493e-02 
	  2    -1.42722e-03 
	  4    9.75074e-05 
triclat4
parameters 4
# exponents ... coefficient
	  0    1.89983e-01 
	  1    2.06940e-02 
	  2    -1.55961e-03 
	  4    2.15376e-04 
triclat5
parameters 4
# exponents ... coefficient
	  0    1.85859e-01 
	  1    1.82310e-02 
	  4    -1.83703e-03 
	  2    1.99763e-03 
anconeus1
parameters 4
# exponents ... coefficient
	  0    1.60050e-02 
	  1    5.43702e-03 
	  2    4.76502e-03 
	  3    -2.21332e-03 
anconeus2
parameters 4
# exponents ... coefficient
	  0    1.60983e-02 
	  2    8.77639e-03 
	  1    1.75176e-03 
	  3    -3.15945e-03 
anconeus3
parameters 4
# exponents ... coefficient
	  0    1.74684e-02 
	  1    9.66075e-03 
	  4    -5.22581e-04 
	  3    -2.51161e-04 
anconeus4
parameters 4
# exponents ... coefficient
	  0    4.76394e-02 
	  2    5.39400e-03 
	  1    -1.29611e-03 
	  4    -4.90792e-04 
anconeus5
parameters 4
# exponents ... coefficient
	  0    3.16769e-02 
	  2    6.70378e-03 
	  1    -8.51587e-04 
	  4    -9.05871e-04 
